Tue Mar 19 16:13:04 PDT 2013


Random Angle Molecule One: 4.387038535801095


Random Angle Molecule Two: 2.4074161354353802

Rotate (X) Molecule One Constants Matrix: 
 1.0 0.0 0.0
 0.0 -0.3196408653070352 0.9475387681914497
 0.0 -0.9475387681914497 -0.3196408653070352

Rotate (X) Molecule One Matrix Coordinates: 
 -9.753666997463952E-12 0.0 9.753666997463952E-12
 0.0 0.0 0.0
 9.6E-11 0.0 0.0

Calculated Rotated (X) Molecule One Matrix Coordinates: 
 -9.753666997463952E-12 0.0 9.753666997463952E-12
 9.096372174637918E-11 0.0 0.0
 -3.0685523069475384E-11 0.0 0.0

Rotate (Y) Molecule One Constants Matrix: 
 -0.3196408653070352 0.0 0.9475387681914497
 0.0 1.0 0.0
 -0.9475387681914497 0.0 -0.3196408653070352

Rotate (Y) Molecule One Matrix Coordinates: 
 -9.753666997463952E-12 0.0 9.753666997463952E-12
 9.096372174637918E-11 0.0 0.0
 -3.0685523069475384E-11 0.0 0.0

Calculated Rotated (Y) Molecule One Matrix Coordinates: 
 -2.5958052171574966E-11 0.0 -3.11767055898605E-12
 9.096372174637918E-11 0.0 0.0
 1.905032475845269E-11 0.0 -9.241977612126589E-12

Rotate (Z) Molecule One Constants Matrix: 
 -0.3196408653070352 -0.9475387681914497 0.0
 0.9475387681914497 -0.3196408653070352 0.0
 0.0 0.0 1.0

Rotate (Z) Molecule One Matrix Coordinates: 
 -2.5958052171574966E-11 0.0 -3.11767055898605E-12
 9.096372174637918E-11 0.0 0.0
 1.905032475845269E-11 0.0 -9.241977612126589E-12


Final Calculated Rotated (Z) Molecule One Matrix Coordinates: 
 -7.789439859586653E-11 0.0 9.965349152165692E-13
 -5.367198350986455E-11 0.0 -2.95411372108839E-12
 1.905032475845269E-11 0.0 -9.241977612126589E-12

Rotate (X) Molecule Two Constants Matrix: 
 1.0 0.0 0.0
 0.0 -0.7423827181624754 -0.6699760441789651
 0.0 0.6699760441789651 -0.7423827181624754

Rotate (X) Molecule Two Matrix Coordinates: 
 -9.753666997463952E-12 0.0 9.753666997463952E-12
 0.0 0.0 0.0
 9.6E-11 0.0 0.0

Calculated Rotated (X) Molecule Two Matrix Coordinates: 
 -9.753666997463952E-12 0.0 9.753666997463952E-12
 -6.431770024118064E-11 0.0 0.0
 -7.126874094359764E-11 0.0 0.0

Rotate (Y) Molecule Two Constants Matrix: 
 -0.7423827181624754 0.0 -0.6699760441789651
 0.0 1.0 0.0
 0.6699760441789651 0.0 -0.7423827181624754

Rotate (Y) Molecule Two Matrix Coordinates: 
 -9.753666997463952E-12 0.0 9.753666997463952E-12
 -6.431770024118064E-11 0.0 0.0
 -7.126874094359764E-11 0.0 0.0

Calculated Rotated (Y) Molecule Two Matrix Coordinates:
 5.4989302948635904E-11 0.0 -7.240953817628919E-12
 -6.431770024118064E-11 0.0 0.0
 4.6373958390525494E-11 0.0 6.534723231199822E-12

Rotate (Z) Molecule Two Constants Matrix: 
 -0.7423827181624754 0.6699760441789651 0.0
 -0.6699760441789651 -0.7423827181624754 0.0
 0.0 0.0 1.0

Rotate (Z) Molecule Two Matrix Coordinates: 
 5.4989302948635904E-11 0.0 -7.240953817628919E-12
 -6.431770024118064E-11 0.0 0.0
 4.6373958390525494E-11 0.0 6.534723231199822E-12


Final Calculated Rotated (Z) Molecule Two Matrix Coordinates: 
 -8.391442657114282E-11 0.0 5.37555897722031E-12
 1.0906833469321204E-11 0.0 4.851265594817598E-12
 4.6373958390525494E-11 0.0 6.534723231199822E-12


Random Translation Constant MOLECULE ONE (1): 1.42E-10

Random Translation Constant MOLECULE TWO (2): 2.35E-10


Final Molecule One Coordinates: 
6.410560140413347E-11	1.42E-10	1.4299653491521657E-10	
8.832801649013545E-11	1.42E-10	1.3904588627891162E-10	
1.610503247584527E-10	1.42E-10	1.3275802238787341E-10	


Final Molecule Two Coordinates: 
1.510855734288572E-10	2.35E-10	2.403755589772203E-10	
2.459068334693212E-10	2.35E-10	2.398512655948176E-10	
2.813739583905255E-10	2.35E-10	2.4153472323119984E-10	



Sigma Point Charge Calculation: -3.343165358659976E-12 Joules
