Tue Mar 19 16:12:58 PDT 2013


Random Angle Molecule One: 5.956846531273889


Random Angle Molecule Two: 3.6399678529589097

Rotate (X) Molecule One Constants Matrix: 
 1.0 0.0 0.0
 0.0 0.947222394386544 0.320577191285691
 0.0 -0.320577191285691 0.947222394386544

Rotate (X) Molecule One Matrix Coordinates: 
 -9.753666997463952E-12 0.0 9.753666997463952E-12
 0.0 0.0 0.0
 9.6E-11 0.0 0.0

Calculated Rotated (X) Molecule One Matrix Coordinates: 
 -9.753666997463952E-12 0.0 9.753666997463952E-12
 3.077541036342634E-11 0.0 0.0
 9.093334986110823E-11 0.0 0.0

Rotate (Y) Molecule One Constants Matrix: 
 0.947222394386544 0.0 0.320577191285691
 0.0 1.0 0.0
 -0.320577191285691 0.0 0.947222394386544

Rotate (Y) Molecule One Matrix Coordinates: 
 -9.753666997463952E-12 0.0 9.753666997463952E-12
 3.077541036342634E-11 0.0 0.0
 9.093334986110823E-11 0.0 0.0

Calculated Rotated (Y) Molecule One Matrix Coordinates: 
 1.9912266085286336E-11 0.0 9.238891807386818E-12
 3.077541036342634E-11 0.0 0.0
 8.926090855581117E-11 0.0 -3.126803170782933E-12

Rotate (Z) Molecule One Constants Matrix: 
 0.947222394386544 -0.320577191285691 0.0
 0.320577191285691 0.947222394386544 0.0
 0.0 0.0 1.0

Rotate (Z) Molecule One Matrix Coordinates: 
 1.9912266085286336E-11 0.0 9.238891807386818E-12
 3.077541036342634E-11 0.0 0.0
 8.926090855581117E-11 0.0 -3.126803170782933E-12


Final Calculated Rotated (Z) Molecule One Matrix Coordinates: 
 8.995449743995136E-12 0.0 8.751285219271167E-12
 3.553457622642758E-11 0.0 2.9617779862044477E-12
 8.926090855581117E-11 0.0 -3.126803170782933E-12

Rotate (X) Molecule Two Constants Matrix: 
 1.0 0.0 0.0
 0.0 -0.8783603740665401 0.4779990096953002
 0.0 -0.4779990096953002 -0.8783603740665401

Rotate (X) Molecule Two Matrix Coordinates: 
 -9.753666997463952E-12 0.0 9.753666997463952E-12
 0.0 0.0 0.0
 9.6E-11 0.0 0.0

Calculated Rotated (X) Molecule Two Matrix Coordinates: 
 -9.753666997463952E-12 0.0 9.753666997463952E-12
 4.588790493074882E-11 0.0 0.0
 -8.432259591038785E-11 0.0 0.0

Rotate (Y) Molecule Two Constants Matrix: 
 -0.8783603740665401 0.0 0.4779990096953002
 0.0 1.0 0.0
 -0.4779990096953002 0.0 -0.8783603740665401

Rotate (Y) Molecule Two Matrix Coordinates: 
 -9.753666997463952E-12 0.0 9.753666997463952E-12
 4.588790493074882E-11 0.0 0.0
 -8.432259591038785E-11 0.0 0.0

Calculated Rotated (Y) Molecule Two Matrix Coordinates:
 -3.173888274768946E-11 0.0 -8.567234592412905E-12
 4.588790493074882E-11 0.0 0.0
 7.872787005179549E-11 0.0 -4.662243165685501E-12

Rotate (Z) Molecule Two Constants Matrix: 
 -0.8783603740665401 -0.4779990096953002 0.0
 0.4779990096953002 -0.8783603740665401 0.0
 0.0 0.0 1.0

Rotate (Z) Molecule Two Matrix Coordinates: 
 -3.173888274768946E-11 0.0 -8.567234592412905E-12
 4.588790493074882E-11 0.0 0.0
 7.872787005179549E-11 0.0 -4.662243165685501E-12


Final Calculated Rotated (Z) Molecule Two Matrix Coordinates: 
 5.94380380882455E-12 0.0 7.525119381307601E-12
 -5.547727186233318E-11 0.0 -4.095129651000687E-12
 7.872787005179549E-11 0.0 -4.662243165685501E-12


Random Translation Constant MOLECULE ONE (1): 3.71E-10

Random Translation Constant MOLECULE TWO (2): 4.72E-10


Final Molecule One Coordinates: 
3.799954497439951E-10	3.71E-10	3.797512852192712E-10	
4.065345762264276E-10	3.71E-10	3.7396177798620444E-10	
4.602609085558112E-10	3.71E-10	3.678731968292171E-10	


Final Molecule Two Coordinates: 
4.779438038088246E-10	4.72E-10	4.795251193813076E-10	
4.1652272813766684E-10	4.72E-10	4.679048703489994E-10	
5.507278700517955E-10	4.72E-10	4.673377568343146E-10	



Sigma Point Charge Calculation: -2.9908657457234925E-12 Joules
