Tue Mar 19 16:13:07 PDT 2013


Random Angle Molecule One: 4.7131535307073795


Random Angle Molecule Two: 5.060165856943859

Rotate (X) Molecule One Constants Matrix: 
 1.0 0.0 0.0
 0.0 7.645502482049847E-4 0.9999997077314162
 0.0 -0.9999997077314162 7.645502482049847E-4

Rotate (X) Molecule One Matrix Coordinates: 
 -9.753666997463952E-12 0.0 9.753666997463952E-12
 0.0 0.0 0.0
 9.6E-11 0.0 0.0

Calculated Rotated (X) Molecule One Matrix Coordinates: 
 -9.753666997463952E-12 0.0 9.753666997463952E-12
 9.599997194221596E-11 0.0 0.0
 7.339682382767853E-14 0.0 0.0

Rotate (Y) Molecule One Constants Matrix: 
 7.645502482049847E-4 0.0 0.9999997077314162
 0.0 1.0 0.0
 -0.9999997077314162 0.0 7.645502482049847E-4

Rotate (Y) Molecule One Matrix Coordinates: 
 -9.753666997463952E-12 0.0 9.753666997463952E-12
 9.599997194221596E-11 0.0 0.0
 7.339682382767853E-14 0.0 0.0

Calculated Rotated (Y) Molecule One Matrix Coordinates: 
 6.593963385227296E-14 0.0 7.457168523819832E-15
 9.599997194221596E-11 0.0 0.0
 9.753720262333386E-12 0.0 -9.753664146773512E-12

Rotate (Z) Molecule One Constants Matrix: 
 7.645502482049847E-4 -0.9999997077314162 0.0
 0.9999997077314162 7.645502482049847E-4 0.0
 0.0 0.0 1.0

Rotate (Z) Molecule One Matrix Coordinates: 
 6.593963385227296E-14 0.0 7.457168523819832E-15
 9.599997194221596E-11 0.0 0.0
 9.753720262333386E-12 0.0 -9.753664146773512E-12


Final Calculated Rotated (Z) Molecule One Matrix Coordinates: 
 -9.599989347027668E-11 0.0 5.701380045792852E-18
 1.393364169562823E-13 0.0 7.45716634432375E-15
 9.753720262333386E-12 0.0 -9.753664146773512E-12

Rotate (X) Molecule Two Constants Matrix: 
 1.0 0.0 0.0
 0.0 0.3408086203302692 0.9401326950535113
 0.0 -0.9401326950535113 0.3408086203302692

Rotate (X) Molecule Two Matrix Coordinates: 
 -9.753666997463952E-12 0.0 9.753666997463952E-12
 0.0 0.0 0.0
 9.6E-11 0.0 0.0

Calculated Rotated (X) Molecule Two Matrix Coordinates: 
 -9.753666997463952E-12 0.0 9.753666997463952E-12
 9.025273872513708E-11 0.0 0.0
 3.2717627551705847E-11 0.0 0.0

Rotate (Y) Molecule Two Constants Matrix: 
 0.3408086203302692 0.0 0.9401326950535113
 0.0 1.0 0.0
 -0.9401326950535113 0.0 0.3408086203302692

Rotate (Y) Molecule Two Matrix Coordinates: 
 -9.753666997463952E-12 0.0 9.753666997463952E-12
 9.025273872513708E-11 0.0 0.0
 3.2717627551705847E-11 0.0 0.0

Calculated Rotated (Y) Molecule Two Matrix Coordinates:
 2.743477757337566E-11 0.0 3.324133792566569E-12
 9.025273872513708E-11 0.0 0.0
 2.0320190747356747E-11 0.0 -9.169741240980274E-12

Rotate (Z) Molecule Two Constants Matrix: 
 0.3408086203302692 -0.9401326950535113 0.0
 0.9401326950535113 0.3408086203302692 0.0
 0.0 0.0 1.0

Rotate (Z) Molecule Two Matrix Coordinates: 
 2.743477757337566E-11 0.0 3.324133792566569E-12
 9.025273872513708E-11 0.0 0.0
 2.0320190747356747E-11 0.0 -9.169741240980274E-12


Final Calculated Rotated (Z) Molecule Two Matrix Coordinates: 
 -7.549954179977356E-11 0.0 1.1328934516378376E-12
 5.655124274419352E-11 0.0 3.125126861124058E-12
 2.0320190747356747E-11 0.0 -9.169741240980274E-12


Random Translation Constant MOLECULE ONE (1): 2.68E-10

Random Translation Constant MOLECULE TWO (2): 3.11E-10


Final Molecule One Coordinates: 
1.7200010652972333E-10	2.68E-10	2.6800000570138007E-10	
2.681393364169563E-10	2.68E-10	2.6800745716634433E-10	
2.777537202623334E-10	2.68E-10	2.582463358532265E-10	


Final Molecule Two Coordinates: 
2.3550045820022647E-10	3.11E-10	3.1213289345163784E-10	
3.6755124274419353E-10	3.11E-10	3.141251268611241E-10	
3.3132019074735677E-10	3.11E-10	3.0183025875901975E-10	



Sigma Point Charge Calculation: -3.873649373731781E-12 Joules
