Tue Mar 19 16:12:57 PDT 2013


Random Angle Molecule One: 0.5504071929249045


Random Angle Molecule Two: 1.3649737663074146

Rotate (X) Molecule One Constants Matrix: 
 1.0 0.0 0.0
 0.0 0.852311616846956 -0.5230343275423972
 0.0 0.5230343275423972 0.852311616846956

Rotate (X) Molecule One Matrix Coordinates: 
 -9.753666997463952E-12 0.0 9.753666997463952E-12
 0.0 0.0 0.0
 9.6E-11 0.0 0.0

Calculated Rotated (X) Molecule One Matrix Coordinates: 
 -9.753666997463952E-12 0.0 9.753666997463952E-12
 -5.021129544407013E-11 0.0 0.0
 8.182191521730777E-11 0.0 0.0

Rotate (Y) Molecule One Constants Matrix: 
 0.852311616846956 0.0 -0.5230343275423972
 0.0 1.0 0.0
 0.5230343275423972 0.0 0.852311616846956

Rotate (Y) Molecule One Matrix Coordinates: 
 -9.753666997463952E-12 0.0 9.753666997463952E-12
 -5.021129544407013E-11 0.0 0.0
 8.182191521730777E-11 0.0 0.0

Calculated Rotated (Y) Molecule One Matrix Coordinates: 
 -5.1108834092710905E-11 0.0 8.313163688795296E-12
 -5.021129544407013E-11 0.0 0.0
 6.463626619328711E-11 0.0 5.10150265909103E-12

Rotate (Z) Molecule One Constants Matrix: 
 0.852311616846956 0.5230343275423972 0.0
 -0.5230343275423972 0.852311616846956 0.0
 0.0 0.0 1.0

Rotate (Z) Molecule One Matrix Coordinates: 
 -5.1108834092710905E-11 0.0 8.313163688795296E-12
 -5.021129544407013E-11 0.0 0.0
 6.463626619328711E-11 0.0 5.10150265909103E-12


Final Calculated Rotated (Z) Molecule One Matrix Coordinates: 
 -6.982288416834311E-11 0.0 7.085405984710524E-12
 -1.606399573275862E-11 0.0 -4.348069979718922E-12
 6.463626619328711E-11 0.0 5.10150265909103E-12

Rotate (X) Molecule Two Constants Matrix: 
 1.0 0.0 0.0
 0.0 0.20437242782731088 -0.9788932070169711
 0.0 0.9788932070169711 0.20437242782731088

Rotate (X) Molecule Two Matrix Coordinates: 
 -9.753666997463952E-12 0.0 9.753666997463952E-12
 0.0 0.0 0.0
 9.6E-11 0.0 0.0

Calculated Rotated (X) Molecule Two Matrix Coordinates: 
 -9.753666997463952E-12 0.0 9.753666997463952E-12
 -9.397374787362923E-11 0.0 0.0
 1.9619753071421846E-11 0.0 0.0

Rotate (Y) Molecule Two Constants Matrix: 
 0.20437242782731088 0.0 -0.9788932070169711
 0.0 1.0 0.0
 0.9788932070169711 0.0 0.20437242782731088

Rotate (Y) Molecule Two Matrix Coordinates: 
 -9.753666997463952E-12 0.0 9.753666997463952E-12
 -9.397374787362923E-11 0.0 0.0
 1.9619753071421846E-11 0.0 0.0

Calculated Rotated (Y) Molecule Two Matrix Coordinates:
 -2.1199023609456025E-11 0.0 1.9933806044908254E-12
 -9.397374787362923E-11 0.0 0.0
 -5.5380617987442584E-12 0.0 9.54779836732308E-12

Rotate (Z) Molecule Two Constants Matrix: 
 0.20437242782731088 0.9788932070169711 0.0
 -0.9788932070169711 0.20437242782731088 0.0
 0.0 0.0 1.0

Rotate (Z) Molecule Two Matrix Coordinates: 
 -2.1199023609456025E-11 0.0 1.9933806044908254E-12
 -9.397374787362923E-11 0.0 0.0
 -5.5380617987442584E-12 0.0 9.54779836732308E-12


Final Calculated Rotated (Z) Molecule Two Matrix Coordinates: 
 -9.632275935405421E-11 0.0 4.0739203372366257E-13
 1.5459372017236967E-12 0.0 -1.951306732735453E-12
 -5.5380617987442584E-12 0.0 9.54779836732308E-12


Random Translation Constant MOLECULE ONE (1): 4.71E-10

Random Translation Constant MOLECULE TWO (2): 4.1299999999999997E-10


Final Molecule One Coordinates: 
4.0117711583165693E-10	4.71E-10	4.780854059847106E-10	
4.549360042672414E-10	4.71E-10	4.666519300202811E-10	
5.356362661932872E-10	4.71E-10	4.761015026590911E-10	


Final Molecule Two Coordinates: 
3.1667724064594575E-10	4.1299999999999997E-10	4.1340739203372365E-10	
4.1454593720172366E-10	4.1299999999999997E-10	4.110486932672645E-10	
4.074619382012557E-10	4.1299999999999997E-10	4.2254779836732303E-10	



Sigma Point Charge Calculation: -9.39483368785541E-13 Joules
