Tue Mar 19 16:13:00 PDT 2013


Random Angle Molecule One: 2.3690095976039447


Random Angle Molecule Two: 4.784038249999027

Rotate (X) Molecule One Constants Matrix: 
 1.0 0.0 0.0
 0.0 -0.7161101203028121 -0.6979873176497493
 0.0 0.6979873176497493 -0.7161101203028121

Rotate (X) Molecule One Matrix Coordinates: 
 -9.753666997463952E-12 0.0 9.753666997463952E-12
 0.0 0.0 0.0
 9.6E-11 0.0 0.0

Calculated Rotated (X) Molecule One Matrix Coordinates: 
 -9.753666997463952E-12 0.0 9.753666997463952E-12
 -6.700678249437593E-11 0.0 0.0
 -6.874657154906997E-11 0.0 0.0

Rotate (Y) Molecule One Constants Matrix: 
 -0.7161101203028121 0.0 -0.6979873176497493
 0.0 1.0 0.0
 0.6979873176497493 0.0 -0.7161101203028121

Rotate (Y) Molecule One Matrix Coordinates: 
 -9.753666997463952E-12 0.0 9.753666997463952E-12
 -6.700678249437593E-11 0.0 0.0
 -6.874657154906997E-11 0.0 0.0

Calculated Rotated (Y) Molecule One Matrix Coordinates: 
 5.49689347200994E-11 0.0 -6.984699646947478E-12
 -6.700678249437593E-11 0.0 0.0
 4.242217975760162E-11 0.0 6.807935864808748E-12

Rotate (Z) Molecule One Constants Matrix: 
 -0.7161101203028121 0.6979873176497493 0.0
 -0.6979873176497493 -0.7161101203028121 0.0
 0.0 0.0 1.0

Rotate (Z) Molecule One Matrix Coordinates: 
 5.49689347200994E-11 0.0 -6.984699646947478E-12
 -6.700678249437593E-11 0.0 0.0
 4.242217975760162E-11 0.0 6.807935864808748E-12


Final Calculated Rotated (Z) Molecule One Matrix Coordinates: 
 -8.613369483291744E-11 0.0 5.001814104454568E-12
 9.616615773805561E-12 0.0 4.8752317711620215E-12
 4.242217975760162E-11 0.0 6.807935864808748E-12

Rotate (X) Molecule Two Constants Matrix: 
 1.0 0.0 0.0
 0.0 0.07158798201973186 0.9974342889786487
 0.0 -0.9974342889786487 0.07158798201973186

Rotate (X) Molecule Two Matrix Coordinates: 
 -9.753666997463952E-12 0.0 9.753666997463952E-12
 0.0 0.0 0.0
 9.6E-11 0.0 0.0

Calculated Rotated (X) Molecule Two Matrix Coordinates: 
 -9.753666997463952E-12 0.0 9.753666997463952E-12
 9.575369174195028E-11 0.0 0.0
 6.8724462738942596E-12 0.0 0.0

Rotate (Y) Molecule Two Constants Matrix: 
 0.07158798201973186 0.0 0.9974342889786487
 0.0 1.0 0.0
 -0.9974342889786487 0.0 0.07158798201973186

Rotate (Y) Molecule Two Matrix Coordinates: 
 -9.753666997463952E-12 0.0 9.753666997463952E-12
 9.575369174195028E-11 0.0 0.0
 6.8724462738942596E-12 0.0 0.0

Calculated Rotated (Y) Molecule Two Matrix Coordinates:
 6.156568225104783E-12 0.0 6.982453376409015E-13
 9.575369174195028E-11 0.0 0.0
 1.0220626466837085E-11 0.0 -9.72864190654997E-12

Rotate (Z) Molecule Two Constants Matrix: 
 0.07158798201973186 -0.9974342889786487 0.0
 0.9974342889786487 0.07158798201973186 0.0
 0.0 0.0 1.0

Rotate (Z) Molecule Two Matrix Coordinates: 
 6.156568225104783E-12 0.0 6.982453376409015E-13
 9.575369174195028E-11 0.0 0.0
 1.0220626466837085E-11 0.0 -9.72864190654997E-12


Final Calculated Rotated (Z) Molecule Two Matrix Coordinates: 
 -9.506727914431084E-11 0.0 4.998597467639846E-14
 1.2995585812901615E-11 0.0 6.964538418825091E-13
 1.0220626466837085E-11 0.0 -9.72864190654997E-12


Random Translation Constant MOLECULE ONE (1): 1.75E-10

Random Translation Constant MOLECULE TWO (2): 1.57E-10


Final Molecule One Coordinates: 
8.886630516708255E-11	1.75E-10	1.8000181410445456E-10	
1.8461661577380554E-10	1.75E-10	1.79875231771162E-10	
2.174221797576016E-10	1.75E-10	1.8180793586480874E-10	


Final Molecule Two Coordinates: 
6.193272085568917E-11	1.57E-10	1.570499859746764E-10	
1.6999558581290163E-10	1.57E-10	1.576964538418825E-10	
1.672206264668371E-10	1.57E-10	1.4727135809345003E-10	



Sigma Point Charge Calculation: -2.7127636413482065E-14 Joules
