Tue Mar 19 16:13:02 PDT 2013


Random Angle Molecule One: 0.6272996135182287


Random Angle Molecule Two: 4.5065339185957685

Rotate (X) Molecule One Constants Matrix: 
 1.0 0.0 0.0
 0.0 0.8096154788170716 -0.5869606259876413
 0.0 0.5869606259876413 0.8096154788170716

Rotate (X) Molecule One Matrix Coordinates: 
 -9.753666997463952E-12 0.0 9.753666997463952E-12
 0.0 0.0 0.0
 9.6E-11 0.0 0.0

Calculated Rotated (X) Molecule One Matrix Coordinates: 
 -9.753666997463952E-12 0.0 9.753666997463952E-12
 -5.6348220094813566E-11 0.0 0.0
 7.772308596643888E-11 0.0 0.0

Rotate (Y) Molecule One Constants Matrix: 
 0.8096154788170716 0.0 -0.5869606259876413
 0.0 1.0 0.0
 0.5869606259876413 0.0 0.8096154788170716

Rotate (Y) Molecule One Matrix Coordinates: 
 -9.753666997463952E-12 0.0 9.753666997463952E-12
 -5.6348220094813566E-11 0.0 0.0
 7.772308596643888E-11 0.0 0.0

Calculated Rotated (Y) Molecule One Matrix Coordinates: 
 -5.3517110968926275E-11 0.0 7.896719776374048E-12
 -5.6348220094813566E-11 0.0 0.0
 5.7200794973352396E-11 0.0 5.7250184865064395E-12

Rotate (Z) Molecule One Constants Matrix: 
 0.8096154788170716 0.5869606259876413 0.0
 -0.5869606259876413 0.8096154788170716 0.0
 0.0 0.0 1.0

Rotate (Z) Molecule One Matrix Coordinates: 
 -5.3517110968926275E-11 0.0 7.896719776374048E-12
 -5.6348220094813566E-11 0.0 0.0
 5.7200794973352396E-11 0.0 5.7250184865064395E-12


Final Calculated Rotated (Z) Molecule One Matrix Coordinates: 
 -7.640246796215476E-11 0.0 6.393306562833314E-12
 -1.420795423718119E-11 0.0 -4.635063583189498E-12
 5.7200794973352396E-11 0.0 5.7250184865064395E-12

Rotate (X) Molecule Two Constants Matrix: 
 1.0 0.0 0.0
 0.0 -0.2044042430225607 0.9788865641300701
 0.0 -0.9788865641300701 -0.2044042430225607

Rotate (X) Molecule Two Matrix Coordinates: 
 -9.753666997463952E-12 0.0 9.753666997463952E-12
 0.0 0.0 0.0
 9.6E-11 0.0 0.0

Calculated Rotated (X) Molecule Two Matrix Coordinates: 
 -9.753666997463952E-12 0.0 9.753666997463952E-12
 9.397311015648674E-11 0.0 0.0
 -1.9622807330165827E-11 0.0 0.0

Rotate (Y) Molecule Two Constants Matrix: 
 -0.2044042430225607 0.0 0.9788865641300701
 0.0 1.0 0.0
 -0.9788865641300701 0.0 -0.2044042430225607

Rotate (Y) Molecule Two Matrix Coordinates: 
 -9.753666997463952E-12 0.0 9.753666997463952E-12
 9.397311015648674E-11 0.0 0.0
 -1.9622807330165827E-11 0.0 0.0

Calculated Rotated (Y) Molecule Two Matrix Coordinates:
 -1.7214811526701632E-11 0.0 -1.9936909193107514E-12
 9.397311015648674E-11 0.0 0.0
 1.3558718653116446E-11 0.0 -9.547733574816346E-12

Rotate (Z) Molecule Two Constants Matrix: 
 -0.2044042430225607 -0.9788865641300701 0.0
 0.9788865641300701 -0.2044042430225607 0.0
 0.0 0.0 1.0

Rotate (Z) Molecule Two Matrix Coordinates: 
 -1.7214811526701632E-11 0.0 -1.9936909193107514E-12
 9.397311015648674E-11 0.0 0.0
 1.3558718653116446E-11 0.0 -9.547733574816346E-12


Final Calculated Rotated (Z) Molecule Two Matrix Coordinates: 
 -8.84702344028084E-11 0.0 4.0751888318266724E-13
 -3.605985015353207E-11 0.0 -1.9515972539414222E-12
 1.3558718653116446E-11 0.0 -9.547733574816346E-12


Random Translation Constant MOLECULE ONE (1): 3.41E-10

Random Translation Constant MOLECULE TWO (2): 4.92E-10


Final Molecule One Coordinates: 
2.6459753203784526E-10	3.41E-10	3.4739330656283334E-10	
3.267920457628188E-10	3.41E-10	3.363649364168105E-10	
3.9820079497335243E-10	3.41E-10	3.4672501848650644E-10	


Final Molecule Two Coordinates: 
4.0352976559719156E-10	4.92E-10	4.924075188831826E-10	
4.5594014984646786E-10	4.92E-10	4.900484027460586E-10	
5.055587186531164E-10	4.92E-10	4.824522664251836E-10	



Sigma Point Charge Calculation: -2.29163060514314E-12 Joules
