Tue Mar 19 16:13:06 PDT 2013


Random Angle Molecule One: 3.4390081689971925


Random Angle Molecule Two: 0.3725337098641601

Rotate (X) Molecule One Constants Matrix: 
 1.0 0.0 0.0
 0.0 -0.9560970650840381 0.2930501700011254
 0.0 -0.2930501700011254 -0.9560970650840381

Rotate (X) Molecule One Matrix Coordinates: 
 -9.753666997463952E-12 0.0 9.753666997463952E-12
 0.0 0.0 0.0
 9.6E-11 0.0 0.0

Calculated Rotated (X) Molecule One Matrix Coordinates: 
 -9.753666997463952E-12 0.0 9.753666997463952E-12
 2.8132816320108038E-11 0.0 0.0
 -9.178531824806766E-11 0.0 0.0

Rotate (Y) Molecule One Constants Matrix: 
 -0.9560970650840381 0.0 0.2930501700011254
 0.0 1.0 0.0
 -0.2930501700011254 0.0 -0.9560970650840381

Rotate (Y) Molecule One Matrix Coordinates: 
 -9.753666997463952E-12 0.0 9.753666997463952E-12
 2.8132816320108038E-11 0.0 0.0
 -9.178531824806766E-11 0.0 0.0

Calculated Rotated (Y) Molecule One Matrix Coordinates: 
 -1.7572250726121298E-11 0.0 -9.325452390082328E-12
 2.8132816320108038E-11 0.0 0.0
 9.061398716652308E-11 0.0 -2.8583137717411773E-12

Rotate (Z) Molecule One Constants Matrix: 
 -0.9560970650840381 -0.2930501700011254 0.0
 0.2930501700011254 -0.9560970650840381 0.0
 0.0 0.0 1.0

Rotate (Z) Molecule One Matrix Coordinates: 
 -1.7572250726121298E-11 0.0 -9.325452390082328E-12
 2.8132816320108038E-11 0.0 0.0
 9.061398716652308E-11 0.0 -2.8583137717411773E-12


Final Calculated Rotated (Z) Molecule One Matrix Coordinates: 
 8.556450740947336E-12 0.0 8.916037660738642E-12
 -3.204725417879587E-11 0.0 -2.732825408251027E-12
 9.061398716652308E-11 0.0 -2.8583137717411773E-12

Rotate (X) Molecule Two Constants Matrix: 
 1.0 0.0 0.0
 0.0 0.9314081253766967 -0.3639765157015871
 0.0 0.3639765157015871 0.9314081253766967

Rotate (X) Molecule Two Matrix Coordinates: 
 -9.753666997463952E-12 0.0 9.753666997463952E-12
 0.0 0.0 0.0
 9.6E-11 0.0 0.0

Calculated Rotated (X) Molecule Two Matrix Coordinates: 
 -9.753666997463952E-12 0.0 9.753666997463952E-12
 -3.494174550735236E-11 0.0 0.0
 8.941518003616289E-11 0.0 0.0

Rotate (Y) Molecule Two Constants Matrix: 
 0.9314081253766967 0.0 -0.3639765157015871
 0.0 1.0 0.0
 0.3639765157015871 0.0 0.9314081253766967

Rotate (Y) Molecule Two Matrix Coordinates: 
 -9.753666997463952E-12 0.0 9.753666997463952E-12
 -3.494174550735236E-11 0.0 0.0
 8.941518003616289E-11 0.0 0.0

Calculated Rotated (Y) Molecule Two Matrix Coordinates:
 -4.1629670374049134E-11 0.0 9.084644693656454E-12
 -3.494174550735236E-11 0.0 0.0
 7.973191948865182E-11 0.0 3.5501057290504903E-12

Rotate (Z) Molecule Two Constants Matrix: 
 0.9314081253766967 0.3639765157015871 0.0
 -0.3639765157015871 0.9314081253766967 0.0
 0.0 0.0 1.0

Rotate (Z) Molecule Two Matrix Coordinates: 
 -4.1629670374049134E-11 0.0 9.084644693656454E-12
 -3.494174550735236E-11 0.0 0.0
 7.973191948865182E-11 0.0 3.5501057290504903E-12


Final Calculated Rotated (Z) Molecule Two Matrix Coordinates: 
 -5.149218802544061E-11 0.0 8.461511883831913E-12
 -1.739280330784069E-11 0.0 -3.3065973219839886E-12
 7.973191948865182E-11 0.0 3.5501057290504903E-12


Random Translation Constant MOLECULE ONE (1): 4.49E-10

Random Translation Constant MOLECULE TWO (2): 1.9099999999999999E-10


Final Molecule One Coordinates: 
4.575564507409473E-10	4.49E-10	4.5791603766073865E-10	
4.1695274582120415E-10	4.49E-10	4.4626717459174897E-10	
5.396139871665231E-10	4.49E-10	4.461416862282588E-10	


Final Molecule Two Coordinates: 
1.3950781197455938E-10	1.9099999999999999E-10	1.994615118838319E-10	
1.736071966921593E-10	1.9099999999999999E-10	1.87693402678016E-10	
2.707319194886518E-10	1.9099999999999999E-10	1.945501057290505E-10	



Sigma Point Charge Calculation: -2.493272717225696E-12 Joules
