Tue Mar 19 14:31:02 PDT 2013


Random Angle Molecule One: 2.359608313487207


Random Angle Molecule Two: 2.9975373982076015

Rotate (X) Molecule One Constants Matrix: 
 1.0 0.0 0.0
 0.0 -0.7095165937251655 -0.7046887278995162
 0.0 0.7046887278995162 -0.7095165937251655

Rotate (X) Molecule One Matrix Coordinates: 
 -24.0 0.0 93.0
 0.0 0.0 0.0
 96.0 0.0 0.0

Calculated Rotated (X) Molecule One Matrix Coordinates: 
 -24.0 0.0 93.0
 -67.65011787835356 0.0 0.0
 -68.11359299761588 0.0 0.0

Rotate (Y) Molecule One Constants Matrix: 
 -0.7095165937251655 0.0 -0.7046887278995162
 0.0 1.0 0.0
 0.7046887278995162 0.0 -0.7095165937251655

Rotate (Y) Molecule One Matrix Coordinates: 
 -24.0 0.0 93.0
 -67.65011787835356 0.0 0.0
 -68.11359299761588 0.0 0.0

Calculated Rotated (Y) Molecule One Matrix Coordinates: 
 65.02727945155931 0.0 -65.98504321644039
 -67.65011787835356 0.0 0.0
 31.415195020462317 0.0 65.536051694655

Rotate (Z) Molecule One Constants Matrix: 
 -0.7095165937251655 0.7046887278995162 0.0
 -0.7046887278995162 -0.7095165937251655 0.0
 0.0 0.0 1.0

Rotate (Z) Molecule One Matrix Coordinates: 
 65.02727945155931 0.0 -65.98504321644039
 -67.65011787835356 0.0 0.0
 31.415195020462317 0.0 65.536051694655


Final Calculated Rotated (Z) Molecule One Matrix Coordinates: 
 -93.8102093256341 0.0 46.81748309973663
 2.1748903666696577 0.0 46.498916164587975
 31.415195020462317 0.0 65.536051694655

Rotate (X) Molecule Two Constants Matrix: 
 1.0 0.0 0.0
 0.0 -0.9896419727094196 -0.14355753498792195
 0.0 0.14355753498792195 -0.9896419727094196

Rotate (X) Molecule Two Matrix Coordinates: 
 -24.0 0.0 93.0
 0.0 0.0 0.0
 96.0 0.0 0.0

Calculated Rotated (X) Molecule Two Matrix Coordinates: 
 -24.0 0.0 93.0
 -13.781523358840507 0.0 0.0
 -95.00562938010428 0.0 0.0

Rotate (Y) Molecule Two Constants Matrix: 
 -0.9896419727094196 0.0 -0.14355753498792195
 0.0 1.0 0.0
 0.14355753498792195 0.0 -0.9896419727094196

Rotate (Y) Molecule Two Matrix Coordinates: 
 -24.0 0.0 93.0
 -13.781523358840507 0.0 0.0
 -95.00562938010428 0.0 0.0

Calculated Rotated (Y) Molecule Two Matrix Coordinates:
 37.390181308809936 0.0 -92.03670346197602
 -13.781523358840507 0.0 0.0
 90.57617763851627 0.0 13.350850753876742

Rotate (Z) Molecule Two Constants Matrix: 
 -0.9896419727094196 0.14355753498792195 0.0
 -0.14355753498792195 -0.9896419727094196 0.0
 0.0 0.0 1.0

Rotate (Z) Molecule Two Matrix Coordinates: 
 37.390181308809936 0.0 -92.03670346197602
 -13.781523358840507 0.0 0.0
 90.57617763851627 0.0 13.350850753876742


Final Calculated Rotated (Z) Molecule Two Matrix Coordinates: 
 -38.981334312187144 0.0 91.08338477578181
 8.271131702339638 0.0 13.21256227741562
 90.57617763851627 0.0 13.350850753876742


Random Translation Constant MOLECULE ONE (1): 255.0

Random Translation Constant MOLECULE TWO (2): 211.0


Final Molecule One Coordinates: 
161.1897906743659	255.0	301.81748309973665	
257.1748903666697	255.0	301.49891616458797	
286.4151950204623	255.0	320.536051694655	


Final Molecule Two Coordinates: 
172.01866568781287	211.0	302.08338477578184	
219.27113170233963	211.0	224.21256227741563	
301.57617763851624	211.0	224.35085075387673	



Sigma Point Charge Calculation: -7.758226824537805E7
