Tue Mar 19 14:50:50 PDT 2013


Random Angle Molecule One: 3.0664678243041203


Random Angle Molecule Two: 1.806106313006975

Rotate (X) Molecule One Constants Matrix: 
 1.0 0.0 0.0
 0.0 -0.9971794569211243 -0.07505418505647453
 0.0 0.07505418505647453 -0.9971794569211243

Rotate (X) Molecule One Matrix Coordinates: 
 -24.0 0.0 93.0
 0.0 0.0 0.0
 96.0 0.0 0.0

Calculated Rotated (X) Molecule One Matrix Coordinates: 
 -24.0 0.0 93.0
 -7.205201765421554 0.0 0.0
 -95.72922786442794 0.0 0.0

Rotate (Y) Molecule One Constants Matrix: 
 -0.9971794569211243 0.0 -0.07505418505647453
 0.0 1.0 0.0
 0.07505418505647453 0.0 -0.9971794569211243

Rotate (Y) Molecule One Matrix Coordinates: 
 -24.0 0.0 93.0
 -7.205201765421554 0.0 0.0
 -95.72922786442794 0.0 0.0

Calculated Rotated (Y) Molecule One Matrix Coordinates: 
 31.117186149557178 0.0 -92.73768949366456
 -7.205201765421554 0.0 0.0
 93.65791901197342 0.0 6.980039210252131

Rotate (Z) Molecule One Constants Matrix: 
 -0.9971794569211243 0.07505418505647453 0.0
 -0.07505418505647453 -0.9971794569211243 0.0
 0.0 0.0 1.0

Rotate (Z) Molecule One Matrix Coordinates: 
 31.117186149557178 0.0 -92.73768949366456
 -7.205201765421554 0.0 0.0
 93.65791901197342 0.0 6.980039210252131


Final Calculated Rotated (Z) Molecule One Matrix Coordinates: 
 -31.570199332200144 0.0 92.47611884541229
 4.849404135744561 0.0 6.960351708967374
 93.65791901197342 0.0 6.980039210252131

Rotate (X) Molecule Two Constants Matrix: 
 1.0 0.0 0.0
 0.0 -0.23314444035734017 -0.9724421164935539
 0.0 0.9724421164935539 -0.23314444035734017

Rotate (X) Molecule Two Matrix Coordinates: 
 -24.0 0.0 93.0
 0.0 0.0 0.0
 96.0 0.0 0.0

Calculated Rotated (X) Molecule Two Matrix Coordinates: 
 -24.0 0.0 93.0
 -93.35444318338118 0.0 0.0
 -22.381866274304656 0.0 0.0

Rotate (Y) Molecule Two Constants Matrix: 
 -0.23314444035734017 0.0 -0.9724421164935539
 0.0 1.0 0.0
 0.9724421164935539 0.0 -0.23314444035734017

Rotate (Y) Molecule Two Matrix Coordinates: 
 -24.0 0.0 93.0
 -93.35444318338118 0.0 0.0
 -22.381866274304656 0.0 0.0

Calculated Rotated (Y) Molecule Two Matrix Coordinates:
 27.36053597943668 0.0 -21.682432953232635
 -93.35444318338118 0.0 0.0
 -18.120403109169708 0.0 90.43711683390052

Rotate (Z) Molecule Two Constants Matrix: 
 -0.23314444035734017 0.9724421164935539 0.0
 -0.9724421164935539 -0.23314444035734017 0.0
 0.0 0.0 1.0

Rotate (Z) Molecule Two Matrix Coordinates: 
 27.36053597943668 0.0 -21.682432953232635
 -93.35444318338118 0.0 0.0
 -18.120403109169708 0.0 90.43711683390052


Final Calculated Rotated (Z) Molecule Two Matrix Coordinates: 
 -97.16074916212705 0.0 5.055138696466973
 -4.8414681053809225 0.0 21.08491099177112
 -18.120403109169708 0.0 90.43711683390052


Random Translation Constant MOLECULE ONE (1): 143.0

Random Translation Constant MOLECULE TWO (2): 350.0


Final Molecule One Coordinates: 
111.42980066779985	143.0	235.4761188454123	
147.84940413574455	143.0	149.96035170896738	
236.65791901197343	143.0	149.98003921025213	


Final Molecule Two Coordinates: 
252.83925083787295	350.0	355.055138696467	
345.1585318946191	350.0	371.0849109917711	
331.87959689083027	350.0	440.4371168339005	



Sigma Point Charge Calculation: -1.9529381541977654E-18
