Tue Mar 19 10:26:32 PDT 2013


Random Angle Molecule One: 5.079137020134905


Random Angle Molecule Two: 5.079137020134905

Rotate (X) Molecule One Constants Matrix: 
 1.0 0.0 0.0
 0.0 0.3585816337567997 0.9334983727528958
 0.0 -0.9334983727528958 0.3585816337567997

Rotate (X) Molecule One Matrix Coordinates: 
 -24.0 0.0 93.0
 0.0 0.0 0.0
 96.0 0.0 0.0

Calculated Rotated (X) Molecule One Matrix Coordinates: 
 -24.0 0.0 93.0
 89.615843784278 0.0 0.0
 34.42383684065277 0.0 0.0

Rotate (Y) Molecule One Constants Matrix: 
 0.3585816337567997 0.0 0.9334983727528958
 0.0 1.0 0.0
 -0.9334983727528958 0.0 0.3585816337567997

Rotate (Y) Molecule One Matrix Coordinates: 
 -24.0 0.0 93.0
 89.615843784278 0.0 0.0
 34.42383684065277 0.0 0.0

Calculated Rotated (Y) Molecule One Matrix Coordinates: 
 23.528636464497353 0.0 33.34809193938237
 89.615843784278 0.0 0.0
 34.74771660056828 0.0 -86.81534866601932

Rotate (Z) Molecule One Constants Matrix: 
 0.3585816337567997 -0.9334983727528958 0.0
 0.9334983727528958 0.3585816337567997 0.0
 0.0 0.0 1.0

Rotate (Z) Molecule One Matrix Coordinates: 
 23.528636464497353 0.0 33.34809193938237
 89.615843784278 0.0 0.0
 34.74771660056828 0.0 -86.81534866601932


Final Calculated Rotated (Z) Molecule One Matrix Coordinates: 
 -75.21930744199194 0.0 11.958013290295693
 54.09853952736327 0.0 31.130389559827407
 34.74771660056828 0.0 -86.81534866601932

Rotate (X) Molecule Two Constants Matrix: 
 1.0 0.0 0.0
 0.0 0.3585816337567997 0.9334983727528958
 0.0 -0.9334983727528958 0.3585816337567997

Rotate (X) Molecule Two Matrix Coordinates: 
 -24.0 0.0 93.0
 0.0 0.0 0.0
 96.0 0.0 0.0

Calculated Rotated (X) Molecule Two Matrix Coordinates: 
 -24.0 0.0 93.0
 89.615843784278 0.0 0.0
 34.42383684065277 0.0 0.0

Rotate (Y) Molecule Two Constants Matrix: 
 0.3585816337567997 0.0 0.9334983727528958
 0.0 1.0 0.0
 -0.9334983727528958 0.0 0.3585816337567997

Rotate (Y) Molecule Two Matrix Coordinates: 
 -24.0 0.0 93.0
 89.615843784278 0.0 0.0
 34.42383684065277 0.0 0.0

Calculated Rotated (Y) Molecule Two Matrix Coordinates:
 23.528636464497353 0.0 33.34809193938237
 89.615843784278 0.0 0.0
 34.74771660056828 0.0 -86.81534866601932

Rotate (Z) Molecule Two Constants Matrix: 
 0.3585816337567997 -0.9334983727528958 0.0
 0.9334983727528958 0.3585816337567997 0.0
 0.0 0.0 1.0

Rotate (Z) Molecule Two Matrix Coordinates: 
 23.528636464497353 0.0 33.34809193938237
 89.615843784278 0.0 0.0
 34.74771660056828 0.0 -86.81534866601932


Final Calculated Rotated (Z) Molecule Two Matrix Coordinates: 
 -75.21930744199194 0.0 11.958013290295693
 54.09853952736327 0.0 31.130389559827407
 34.74771660056828 0.0 -86.81534866601932


Random Translation Constant MOLECULE ONE (1): 15.0

Random Translation Constant MOLECULE TWO (2): 195.0


Final Molecule One Coordinates: 
-60.219307441991944	15.0	26.958013290295693	
69.09853952736327	15.0	46.13038955982741	
49.74771660056828	15.0	-71.81534866601932	


Final Molecule Two Coordinates: 
119.78069255800806	195.0	206.9580132902957	
249.09853952736327	195.0	226.1303895598274	
229.74771660056828	195.0	108.18465133398068	



Sigma Point Charge Calculation: -0.05493735348473135
