Sun Mar 17 22:29:34 PDT 2013


Random Angle: 2.0

Rotate (X) Molecule One Constants Matrix: 
 1.0 0.0 0.0
 0.0 -0.4161468365471424 -0.9092974268256817
 0.0 0.9092974268256817 -0.4161468365471424

Rotate (X) Molecule One Matrix Coordinates: 
 -24.0 0.0 93.0
 0.0 0.0 0.0
 96.0 0.0 0.0

Calculated Rotated (X) Molecule One Matrix Coordinates: 
 -24.0 0.0 93.0
 -87.29255297526544 0.0 0.0
 -39.95009630852567 0.0 0.0

Rotate (Y) Molecule One Constants Matrix: 
 -0.4161468365471424 0.0 -0.9092974268256817
 0.0 1.0 0.0
 0.9092974268256817 0.0 -0.4161468365471424

Rotate (Y) Molecule One Matrix Coordinates: 
 -24.0 0.0 93.0
 -87.29255297526544 0.0 0.0
 -39.95009630852567 0.0 0.0

Calculated Rotated (Y) Molecule One Matrix Coordinates: 
 46.314043851911975 0.0 -38.70165579888425
 -87.29255297526544 0.0 0.0
 -5.198032045269727 0.0 84.5646606947884

Rotate (Z) Molecule One Constants Matrix: 
 -0.4161468365471424 0.9092974268256817 0.0
 -0.9092974268256817 -0.4161468365471424 0.0
 0.0 0.0 1.0

Rotate (Z) Molecule One Matrix Coordinates: 
 46.314043851911975 0.0 -38.70165579888425
 -87.29255297526544 0.0 0.0
 -5.198032045269727 0.0 84.5646606947884


Final Calculated Rotated (Z) Molecule One Matrix Coordinates: 
 -98.64833663813216 0.0 16.10557162984205
 -5.786721125654786 0.0 35.191316031818666
 -5.198032045269727 0.0 84.5646606947884

Rotate (X) Molecule Two Constants Matrix: 
 1.0 0.0 0.0
 0.0 -0.4161468365471424 -0.9092974268256817
 0.0 0.9092974268256817 -0.4161468365471424

Rotate (X) Molecule Two Matrix Coordinates: 
 -24.0 0.0 93.0
 0.0 0.0 0.0
 96.0 0.0 0.0

Calculated Rotated (X) Molecule Two Matrix Coordinates: 
 -24.0 0.0 93.0
 -87.29255297526544 0.0 0.0
 -39.95009630852567 0.0 0.0

Rotate (Y) Molecule Two Constants Matrix: 
 -0.4161468365471424 0.0 -0.9092974268256817
 0.0 1.0 0.0
 0.9092974268256817 0.0 -0.4161468365471424

Rotate (Y) Molecule Two Matrix Coordinates: 
 -24.0 0.0 93.0
 -87.29255297526544 0.0 0.0
 -39.95009630852567 0.0 0.0

Calculated Rotated (Y) Molecule Two Matrix Coordinates:
 46.314043851911975 0.0 -38.70165579888425
 -87.29255297526544 0.0 0.0
 -5.198032045269727 0.0 84.5646606947884

Rotate (Z) Molecule Two Constants Matrix: 
 -0.4161468365471424 0.9092974268256817 0.0
 -0.9092974268256817 -0.4161468365471424 0.0
 0.0 0.0 1.0

Rotate (Z) Molecule Two Matrix Coordinates: 
 46.314043851911975 0.0 -38.70165579888425
 -87.29255297526544 0.0 0.0
 -5.198032045269727 0.0 84.5646606947884


Final Calculated Rotated (Z) Molecule Two Matrix Coordinates: 
 -98.64833663813216 0.0 16.10557162984205
 -5.786721125654786 0.0 35.191316031818666
 -5.198032045269727 0.0 84.5646606947884


Random Translation Constant MOLECULE ONE (1): 62.0

Random Translation Constant MOLECULE TWO (2): 188.0


Final Molecule One Coordinates: 
-36.648336638132164	62.0	78.10557162984205	
56.213278874345214	62.0	97.19131603181867	
56.80196795473027	62.0	146.56466069478842	


Final Molecule Two Coordinates: 
89.35166336186784	188.0	204.10557162984205	
182.2132788743452	188.0	223.19131603181867	
182.8019679547303	188.0	272.5646606947884	



Sigma Point Charge Calculation: 6.008619043344621
