Sun Mar 17 22:28:42 PDT 2013
Random Angle: 6.0

Rotate (X) Molecule One Constants Matrix: 
 1.0 0.0 0.0
 0.0 0.9601702866503661 0.27941549819892586
 0.0 -0.27941549819892586 0.9601702866503661

Rotate (X) Molecule One Matrix Coordinates: 
 -24.0 0.0 93.0
 0.0 0.0 0.0
 96.0 0.0 0.0

Calculated Rotated (X) Molecule One Matrix Coordinates: 
 -24.0 0.0 93.0
 26.823887827096883 0.0 0.0
 92.17634751843514 0.0 0.0

Rotate (Y) Molecule One Constants Matrix: 
 0.9601702866503661 0.0 0.27941549819892586
 0.0 1.0 0.0
 -0.27941549819892586 0.0 0.9601702866503661

Rotate (Y) Molecule One Matrix Coordinates: 
 -24.0 0.0 93.0
 26.823887827096883 0.0 0.0
 92.17634751843514 0.0 0.0

Calculated Rotated (Y) Molecule One Matrix Coordinates: 
 2.7114131844120912 0.0 89.29583665848405
 26.823887827096883 0.0 0.0
 95.21096197593384 0.0 -25.985641332500105

Rotate (Z) Molecule One Constants Matrix: 
 0.9601702866503661 -0.27941549819892586 0.0
 0.27941549819892586 0.9601702866503661 0.0
 0.0 0.0 1.0

Rotate (Z) Molecule One Matrix Coordinates: 
 2.7114131844120912 0.0 89.29583665848405
 26.823887827096883 0.0 0.0
 95.21096197593384 0.0 -25.985641332500105


Final Calculated Rotated (Z) Molecule One Matrix Coordinates: 
 -4.8915916063358384 0.0 85.73920908106089
 26.51311092976652 0.0 24.95064068702023
 95.21096197593384 0.0 -25.985641332500105

Rotate (X) Molecule Two Constants Matrix: 
 1.0 0.0 0.0
 0.0 0.9601702866503661 0.27941549819892586
 0.0 -0.27941549819892586 0.9601702866503661

Rotate (X) Molecule Two Matrix Coordinates: 
 -24.0 0.0 93.0
 0.0 0.0 0.0
 96.0 0.0 0.0

Calculated Rotated (X) Molecule Two Matrix Coordinates: 
 -24.0 0.0 93.0
 26.823887827096883 0.0 0.0
 92.17634751843514 0.0 0.0

Rotate (Y) Molecule Two Constants Matrix: 
 0.9601702866503661 0.0 0.27941549819892586
 0.0 1.0 0.0
 -0.27941549819892586 0.0 0.9601702866503661

Rotate (Y) Molecule Two Matrix Coordinates: 
 -24.0 0.0 93.0
 26.823887827096883 0.0 0.0
 92.17634751843514 0.0 0.0

Calculated Rotated (Y) Molecule Two Matrix Coordinates:
 2.7114131844120912 0.0 89.29583665848405
 26.823887827096883 0.0 0.0
 95.21096197593384 0.0 -25.985641332500105

Rotate (Z) Molecule Two Constants Matrix: 
 0.9601702866503661 -0.27941549819892586 0.0
 0.27941549819892586 0.9601702866503661 0.0
 0.0 0.0 1.0

Rotate (Z) Molecule Two Matrix Coordinates: 
 2.7114131844120912 0.0 89.29583665848405
 26.823887827096883 0.0 0.0
 95.21096197593384 0.0 -25.985641332500105


Final Calculated Rotated (Z) Molecule Two Matrix Coordinates: 
 -4.8915916063358384 0.0 85.73920908106089
 26.51311092976652 0.0 24.95064068702023
 95.21096197593384 0.0 -25.985641332500105


Random Translation Constant MOLECULE ONE (1): 38.0

Random Translation Constant MOLECULE TWO (2): 76.0


Final Molecule One Coordinate: 
33.10840839366416	38.0	123.73920908106089	
64.51311092976653	38.0	62.950640687020226	
133.21096197593386	38.0	12.014358667499895	


Final Molecule Two Coordinate: 
71.10840839366416	76.0	161.7392090810609	
102.51311092976653	76.0	100.95064068702023	
171.21096197593386	76.0	50.01435866749989	



Sigma Point Charge Calculation: 7.050812908991127
