Tue Mar 19 15:33:26 PDT 2013


Random Angle Molecule One: 2.2592488683653045


Random Angle Molecule Two: 4.296872735569049

Rotate (X) Molecule One Constants Matrix: 
 1.0 0.0 0.0
 0.0 -0.6353429494164935 -0.7722301060090516
 0.0 0.7722301060090516 -0.6353429494164935

Rotate (X) Molecule One Matrix Coordinates: 
 -9.753666997463952 0.0 9.753666997463952
 0.0 0.0 0.0
 96.0 0.0 0.0

Calculated Rotated (X) Molecule One Matrix Coordinates: 
 -9.753666997463952 0.0 9.753666997463952
 -74.13409017686895 0.0 0.0
 -60.992923143983376 0.0 0.0

Rotate (Y) Molecule One Constants Matrix: 
 -0.6353429494164935 0.0 -0.7722301060090516
 0.0 1.0 0.0
 0.7722301060090516 0.0 -0.6353429494164935

Rotate (Y) Molecule One Matrix Coordinates: 
 -9.753666997463952 0.0 9.753666997463952
 -74.13409017686895 0.0 0.0
 -60.992923143983376 0.0 0.0

Calculated Rotated (Y) Molecule One Matrix Coordinates: 
 53.29749506307528 0.0 -6.196923557795062
 -74.13409017686895 0.0 0.0
 31.219348384403325 0.0 7.532075299428576

Rotate (Z) Molecule One Constants Matrix: 
 -0.6353429494164935 0.7722301060090516 0.0
 -0.7722301060090516 -0.6353429494164935 0.0
 0.0 0.0 1.0

Rotate (Z) Molecule One Matrix Coordinates: 
 53.29749506307528 0.0 -6.196923557795062
 -74.13409017686895 0.0 0.0
 31.219348384403325 0.0 7.532075299428576


Final Calculated Rotated (Z) Molecule One Matrix Coordinates: 
 -91.11076402605335 0.0 3.9371716905180647
 5.942641242704681 0.0 4.78545093596607
 31.219348384403325 0.0 7.532075299428576

Rotate (X) Molecule Two Constants Matrix: 
 1.0 0.0 0.0
 0.0 -0.40366230069399345 0.9149080538493647
 0.0 -0.9149080538493647 -0.40366230069399345

Rotate (X) Molecule Two Matrix Coordinates: 
 -9.753666997463952 0.0 9.753666997463952
 0.0 0.0 0.0
 96.0 0.0 0.0

Calculated Rotated (X) Molecule Two Matrix Coordinates: 
 -9.753666997463952 0.0 9.753666997463952
 87.83117316953901 0.0 0.0
 -38.75158086662337 0.0 0.0

Rotate (Y) Molecule Two Constants Matrix: 
 -0.40366230069399345 0.0 0.9149080538493647
 0.0 1.0 0.0
 -0.9149080538493647 0.0 -0.40366230069399345

Rotate (Y) Molecule Two Matrix Coordinates: 
 -9.753666997463952 0.0 9.753666997463952
 87.83117316953901 0.0 0.0
 -38.75158086662337 0.0 0.0

Calculated Rotated (Y) Molecule Two Matrix Coordinates:
 -31.51694577386929 0.0 -3.937187660399374
 87.83117316953901 0.0 0.0
 24.566260778695046 0.0 -8.92370849054452

Rotate (Z) Molecule Two Constants Matrix: 
 -0.40366230069399345 -0.9149080538493647 0.0
 0.9149080538493647 -0.40366230069399345 0.0
 0.0 0.0 1.0

Rotate (Z) Molecule Two Matrix Coordinates: 
 -31.51694577386929 0.0 -3.937187660399374
 87.83117316953901 0.0 0.0
 24.566260778695046 0.0 -8.92370849054452


Final Calculated Rotated (Z) Molecule Two Matrix Coordinates: 
 -67.63524486992156 0.0 1.5892942292608128
 -64.28924095551538 0.0 -3.6021647000157246
 24.566260778695046 0.0 -8.92370849054452


Random Translation Constant MOLECULE ONE (1): 4.7E-10

Random Translation Constant MOLECULE TWO (2): 2.2E-10


Final Molecule One Coordinates: 
-91.11076402558335	4.7E-10	3.9371716909880647	
5.942641243174681	4.7E-10	4.78545093643607	
31.219348384873324	4.7E-10	7.532075299898576	


Final Molecule Two Coordinates: 
-67.63524486970157	2.2E-10	1.5892942294808128	
-64.28924095529538	2.2E-10	-3.6021646997957246	
24.566260778915044	2.2E-10	-8.92370849032452	



Sigma Point Charge Calculation: -1.9723240281012312E-18
