Sun Mar 17 02:08:02 PDT 2013
Generated : 4.0
Random Angle: 4.0
XMatrix 1 : 
 1.0 0.0 0.0
 0.0 -0.6536436208636119 0.7568024953079282
 0.0 -0.7568024953079282 -0.6536436208636119
XMatrix 2 : 
 -24.0 0.0 93.0
 0.0 0.0 0.0
 96.0 0.0 0.0
XMultiply of both matrix : 
 -24.0 0.0 93.0
 72.6530395495611 0.0 0.0
 -62.74978760290675 0.0 0.0
YMatrix 1 : 
 -0.6536436208636119 0.0 0.7568024953079282
 0.0 1.0 0.0
 -0.7568024953079282 0.0 -0.6536436208636119
YMatrix 2 : 
 -24.0 0.0 93.0
 72.6530395495611 0.0 0.0
 -62.74978760290675 0.0 0.0
YMultiply of both matrix : 
 -31.801748937195637 0.0 -60.78885674031591
 72.6530395495611 0.0 0.0
 59.17925826457683 0.0 -70.38263206363732
ZMatrix 1 : 
 -0.6536436208636119 -0.7568024953079282 0.0
 0.7568024953079282 -0.6536436208636119 0.0
 0.0 0.0 1.0
ZMatrix 2 : 
 -31.801748937195637 0.0 -60.78885674031591
 72.6530395495611 0.0 0.0
 59.17925826457683 0.0 -70.38263206363732
ZMultiply of both matrix : 
 -34.19699129770936 0.0 39.73424842789947
 -71.55683878874822 0.0 -46.00515846798725
 59.17925826457683 0.0 -70.38263206363732
XMatrix 1 : 
 1.0 0.0 0.0
 0.0 -0.6536436208636119 0.7568024953079282
 0.0 -0.7568024953079282 -0.6536436208636119
XMatrix 2 : 
 -24.0 0.0 93.0
 0.0 0.0 0.0
 96.0 0.0 0.0
XMultiply of both matrix : 
 -24.0 0.0 93.0
 72.6530395495611 0.0 0.0
 -62.74978760290675 0.0 0.0
YMatrix 1 : 
 -0.6536436208636119 0.0 0.7568024953079282
 0.0 1.0 0.0
 -0.7568024953079282 0.0 -0.6536436208636119
YMatrix 2 : 
 -24.0 0.0 93.0
 72.6530395495611 0.0 0.0
 -62.74978760290675 0.0 0.0
YMultiply of both matrix : 
 -31.801748937195637 0.0 -60.78885674031591
 72.6530395495611 0.0 0.0
 59.17925826457683 0.0 -70.38263206363732
ZMatrix 1 : 
 -0.6536436208636119 -0.7568024953079282 0.0
 0.7568024953079282 -0.6536436208636119 0.0
 0.0 0.0 1.0
ZMatrix 2 : 
 -31.801748937195637 0.0 -60.78885674031591
 72.6530395495611 0.0 0.0
 59.17925826457683 0.0 -70.38263206363732
ZMultiply of both matrix : 
 -34.19699129770936 0.0 39.73424842789947
 -71.55683878874822 0.0 -46.00515846798725
 59.17925826457683 0.0 -70.38263206363732
Generated : 148.0
Random Translation Constant: 148.0
The number of rows and columns of matrix: 3
Sum of entered matrices:
113.80300870229064	148.0	187.73424842789947	
76.44316121125178	148.0	101.99484153201274	
207.17925826457684	148.0	77.61736793636268	
The number of rows and columns of matrix: 3
Sum of entered matrices:-
148.0	148.0	148.0	
148.0	148.0	148.0	
148.0	148.0	148.0	
Sigma Point Charge Calculation: 8.706406747713867
