Tue Mar 19 16:13:03 PDT 2013


Random Angle Molecule One: 0.4060974059913915


Random Angle Molecule Two: 0.5561436050088235

Rotate (X) Molecule One Constants Matrix: 
 1.0 0.0 0.0
 0.0 0.9186694452668013 -0.3950271513873289
 0.0 0.3950271513873289 0.9186694452668013

Rotate (X) Molecule One Matrix Coordinates: 
 -9.753666997463952E-12 0.0 9.753666997463952E-12
 0.0 0.0 0.0
 9.6E-11 0.0 0.0

Calculated Rotated (X) Molecule One Matrix Coordinates: 
 -9.753666997463952E-12 0.0 9.753666997463952E-12
 -3.792260653318358E-11 0.0 0.0
 8.819226674561292E-11 0.0 0.0

Rotate (Y) Molecule One Constants Matrix: 
 0.9186694452668013 0.0 -0.3950271513873289
 0.0 1.0 0.0
 0.3950271513873289 0.0 0.9186694452668013

Rotate (Y) Molecule One Matrix Coordinates: 
 -9.753666997463952E-12 0.0 9.753666997463952E-12
 -3.792260653318358E-11 0.0 0.0
 8.819226674561292E-11 0.0 0.0

Calculated Rotated (Y) Molecule One Matrix Coordinates: 
 -4.379873575678825E-11 0.0 8.960395849877317E-12
 -3.792260653318358E-11 0.0 0.0
 7.71665774784252E-11 0.0 3.852963289588786E-12

Rotate (Z) Molecule One Constants Matrix: 
 0.9186694452668013 0.3950271513873289 0.0
 -0.3950271513873289 0.9186694452668013 0.0
 0.0 0.0 1.0

Rotate (Z) Molecule One Matrix Coordinates: 
 -4.379873575678825E-11 0.0 8.960395849877317E-12
 -3.792260653318358E-11 0.0 0.0
 7.71665774784252E-11 0.0 3.852963289588786E-12


Final Calculated Rotated (Z) Molecule One Matrix Coordinates: 
 -5.521701951306189E-11 0.0 8.231641884777742E-12
 -1.7536650086540527E-11 0.0 -3.5395996478798805E-12
 7.71665774784252E-11 0.0 3.852963289588786E-12

Rotate (X) Molecule Two Constants Matrix: 
 1.0 0.0 0.0
 0.0 0.8492972696400937 -0.5279149058152101
 0.0 0.5279149058152101 0.8492972696400937

Rotate (X) Molecule Two Matrix Coordinates: 
 -9.753666997463952E-12 0.0 9.753666997463952E-12
 0.0 0.0 0.0
 9.6E-11 0.0 0.0

Calculated Rotated (X) Molecule Two Matrix Coordinates: 
 -9.753666997463952E-12 0.0 9.753666997463952E-12
 -5.067983095826017E-11 0.0 0.0
 8.1532537885449E-11 0.0 0.0

Rotate (Y) Molecule Two Constants Matrix: 
 0.8492972696400937 0.0 -0.5279149058152101
 0.0 1.0 0.0
 0.5279149058152101 0.0 0.8492972696400937

Rotate (Y) Molecule Two Matrix Coordinates: 
 -9.753666997463952E-12 0.0 9.753666997463952E-12
 -5.067983095826017E-11 0.0 0.0
 8.1532537885449E-11 0.0 0.0

Calculated Rotated (Y) Molecule Two Matrix Coordinates:
 -5.132600480859668E-11 0.0 8.283762749924825E-12
 -5.067983095826017E-11 0.0 0.0
 6.409625561862022E-11 0.0 5.149106194319105E-12

Rotate (Z) Molecule Two Constants Matrix: 
 0.8492972696400937 0.5279149058152101 0.0
 -0.5279149058152101 0.8492972696400937 0.0
 0.0 0.0 1.0

Rotate (Z) Molecule Two Matrix Coordinates: 
 -5.132600480859668E-11 0.0 8.283762749924825E-12
 -5.067983095826017E-11 0.0 0.0
 6.409625561862022E-11 0.0 5.149106194319105E-12


Final Calculated Rotated (Z) Molecule Two Matrix Coordinates: 
 -7.034567393253616E-11 0.0 7.035377085857468E-12
 -1.594647906427052E-11 0.0 -4.37312183192211E-12
 6.409625561862022E-11 0.0 5.149106194319105E-12


Random Translation Constant MOLECULE ONE (1): 2.65E-10

Random Translation Constant MOLECULE TWO (2): 2.2E-10


Final Molecule One Coordinates: 
2.0978298048693813E-10	2.65E-10	2.7323164188477777E-10	
2.474633499134595E-10	2.65E-10	2.6146040035212016E-10	
3.4216657747842524E-10	2.65E-10	2.688529632895888E-10	


Final Molecule Two Coordinates: 
1.4965432606746384E-10	2.2E-10	2.2703537708585746E-10	
2.0405352093572948E-10	2.2E-10	2.1562687816807788E-10	
2.840962556186202E-10	2.2E-10	2.251491061943191E-10	



Sigma Point Charge Calculation: -1.0719224194452067E-12 Joules
