Tue Mar 19 15:32:58 PDT 2013


Random Angle Molecule One: 5.503164962300259


Random Angle Molecule Two: 3.11969316449116

Rotate (X) Molecule One Constants Matrix: 
 1.0 0.0 0.0
 0.0 0.7108992297302326 0.7032938825050037
 0.0 -0.7032938825050037 0.7108992297302326

Rotate (X) Molecule One Matrix Coordinates: 
 -9.753666997463952E-12 0.0 9.753666997463952E-12
 0.0 0.0 0.0
 9.6E-11 0.0 0.0

Calculated Rotated (X) Molecule One Matrix Coordinates: 
 -9.753666997463952E-12 0.0 9.753666997463952E-12
 6.751621272048036E-11 0.0 0.0
 6.824632605410233E-11 0.0 0.0

Rotate (Y) Molecule One Constants Matrix: 
 0.7108992297302326 0.0 0.7032938825050037
 0.0 1.0 0.0
 -0.7032938825050037 0.0 0.7108992297302326

Rotate (Y) Molecule One Matrix Coordinates: 
 -9.753666997463952E-12 0.0 9.753666997463952E-12
 6.751621272048036E-11 0.0 0.0
 6.824632605410233E-11 0.0 0.0

Calculated Rotated (Y) Molecule One Matrix Coordinates: 
 4.10633492617497E-11 0.0 6.933874355542314E-12
 6.751621272048036E-11 0.0 0.0
 5.5375954955086986E-11 0.0 -6.859694331307345E-12

Rotate (Z) Molecule One Constants Matrix: 
 0.7108992297302326 -0.7032938825050037 0.0
 0.7032938825050037 0.7108992297302326 0.0
 0.0 0.0 1.0

Rotate (Z) Molecule One Matrix Coordinates: 
 4.10633492617497E-11 0.0 6.933874355542314E-12
 6.751621272048036E-11 0.0 0.0
 5.5375954955086986E-11 0.0 -6.859694331307345E-12


Final Calculated Rotated (Z) Molecule One Matrix Coordinates: 
 -1.8291836015898982E-11 0.0 4.9292859384012435E-12
 7.687682594824694E-11 0.0 4.876551416311234E-12
 5.5375954955086986E-11 0.0 -6.859694331307345E-12

Rotate (X) Molecule Two Constants Matrix: 
 1.0 0.0 0.0
 0.0 -0.9997602157719682 -0.021897738686621333
 0.0 0.021897738686621333 -0.9997602157719682

Rotate (X) Molecule Two Matrix Coordinates: 
 -9.753666997463952E-12 0.0 9.753666997463952E-12
 0.0 0.0 0.0
 9.6E-11 0.0 0.0

Calculated Rotated (X) Molecule Two Matrix Coordinates: 
 -9.753666997463952E-12 0.0 9.753666997463952E-12
 -2.102182913915648E-12 0.0 0.0
 -9.597698071410895E-11 0.0 0.0

Rotate (Y) Molecule Two Constants Matrix: 
 -0.9997602157719682 0.0 -0.021897738686621333
 0.0 1.0 0.0
 0.021897738686621333 0.0 -0.9997602157719682

Rotate (Y) Molecule Two Matrix Coordinates: 
 -9.753666997463952E-12 0.0 9.753666997463952E-12
 -2.102182913915648E-12 0.0 0.0
 -9.597698071410895E-11 0.0 0.0

Calculated Rotated (Y) Molecule Two Matrix Coordinates:
 1.185300706556094E-11 0.0 -9.751328221952486E-12
 -2.102182913915648E-12 0.0 0.0
 9.57403836967328E-11 0.0 2.1358325114678812E-13

Rotate (Z) Molecule Two Constants Matrix: 
 -0.9997602157719682 0.021897738686621333 0.0
 -0.021897738686621333 -0.9997602157719682 0.0
 0.0 0.0 1.0

Rotate (Z) Molecule Two Matrix Coordinates: 
 1.185300706556094E-11 0.0 -9.751328221952486E-12
 -2.102182913915648E-12 0.0 0.0
 9.57403836967328E-11 0.0 2.1358325114678812E-13


Final Calculated Rotated (Z) Molecule Two Matrix Coordinates: 
 -1.1896197953532274E-11 0.0 9.7489900072425E-12
 1.8421247922361233E-12 0.0 2.1353203725179136E-13
 9.57403836967328E-11 0.0 2.1358325114678812E-13


Random Translation Constant MOLECULE ONE (1): 3.62E-10

Random Translation Constant MOLECULE TWO (2): 1.55E-10


Final Molecule One Coordinates: 
3.43708163984101E-10	3.62E-10	3.669292859384012E-10	
4.3887682594824693E-10	3.62E-10	3.668765514163112E-10	
4.1737595495508697E-10	3.62E-10	3.5514030566869264E-10	


Final Molecule Two Coordinates: 
1.4310380204646774E-10	1.55E-10	1.647489900072425E-10	
1.5684212479223612E-10	1.55E-10	1.552135320372518E-10	
2.507403836967328E-10	1.55E-10	1.552135832511468E-10	



Sigma Point Charge Calculation: -3.285122432235804E-12
