Tue Mar 19 15:41:57 PDT 2013


Random Angle Molecule One: 2.1315836598826654


Random Angle Molecule Two: 5.635916638406125

Rotate (X) Molecule One Constants Matrix: 
 1.0 0.0 0.0
 0.0 -0.5318531051952483 -0.8468366279833273
 0.0 0.8468366279833273 -0.5318531051952483

Rotate (X) Molecule One Matrix Coordinates: 
 -9.753666997463952E-12 0.0 9.753666997463952E-12
 0.0 0.0 0.0
 9.6E-11 0.0 0.0

Calculated Rotated (X) Molecule One Matrix Coordinates: 
 -9.753666997463952E-12 0.0 9.753666997463952E-12
 -8.129631628639942E-11 0.0 0.0
 -5.105789809874384E-11 0.0 0.0

Rotate (Y) Molecule One Constants Matrix: 
 -0.5318531051952483 0.0 -0.8468366279833273
 0.0 1.0 0.0
 0.8468366279833273 0.0 -0.5318531051952483

Rotate (Y) Molecule One Matrix Coordinates: 
 -9.753666997463952E-12 0.0 9.753666997463952E-12
 -8.129631628639942E-11 0.0 0.0
 -5.105789809874384E-11 0.0 0.0

Calculated Rotated (Y) Molecule One Matrix Coordinates: 
 4.842521633749819E-11 0.0 -5.187518079641617E-12
 -8.129631628639942E-11 0.0 0.0
 1.889553917795484E-11 0.0 8.259762470604637E-12

Rotate (Z) Molecule One Constants Matrix: 
 -0.5318531051952483 0.8468366279833273 0.0
 -0.8468366279833273 -0.5318531051952483 0.0
 0.0 0.0 1.0

Rotate (Z) Molecule One Matrix Coordinates: 
 4.842521633749819E-11 0.0 -5.187518079641617E-12
 -8.129631628639942E-11 0.0 0.0
 1.889553917795484E-11 0.0 8.259762470604637E-12


Final Calculated Rotated (Z) Molecule One Matrix Coordinates: 
 -9.459980003029062E-11 0.0 2.7589975989138857E-12
 2.229451345246474E-12 0.0 4.3929803181662525E-12
 1.889553917795484E-11 0.0 8.259762470604637E-12

Rotate (X) Molecule Two Constants Matrix: 
 1.0 0.0 0.0
 0.0 0.7977337915631906 0.6030097825062343
 0.0 -0.6030097825062343 0.7977337915631906

Rotate (X) Molecule Two Matrix Coordinates: 
 -9.753666997463952E-12 0.0 9.753666997463952E-12
 0.0 0.0 0.0
 9.6E-11 0.0 0.0

Calculated Rotated (X) Molecule Two Matrix Coordinates: 
 -9.753666997463952E-12 0.0 9.753666997463952E-12
 5.7888939120598495E-11 0.0 0.0
 7.65824439900663E-11 0.0 0.0

Rotate (Y) Molecule Two Constants Matrix: 
 0.7977337915631906 0.0 0.6030097825062343
 0.0 1.0 0.0
 -0.6030097825062343 0.0 0.7977337915631906

Rotate (Y) Molecule Two Matrix Coordinates: 
 -9.753666997463952E-12 0.0 9.753666997463952E-12
 5.7888939120598495E-11 0.0 0.0
 7.65824439900663E-11 0.0 0.0

Calculated Rotated (Y) Molecule Two Matrix Coordinates:
 3.839913313871407E-11 0.0 7.780829755531679E-12
 5.7888939120598495E-11 0.0 0.0
 6.697396002615024E-11 0.0 -5.881556614778973E-12

Rotate (Z) Molecule Two Constants Matrix: 
 0.7977337915631906 -0.6030097825062343 0.0
 0.6030097825062343 0.7977337915631906 0.0
 0.0 0.0 1.0

Rotate (Z) Molecule Two Matrix Coordinates: 
 3.839913313871407E-11 0.0 7.780829755531679E-12
 5.7888939120598495E-11 0.0 0.0
 6.697396002615024E-11 0.0 -5.881556614778973E-12


Final Calculated Rotated (Z) Molecule Two Matrix Coordinates: 
 -4.275310517142602E-12 0.0 6.207030822387979E-12
 6.933501581664965E-11 0.0 4.691916458601194E-12
 6.697396002615024E-11 0.0 -5.881556614778973E-12


Random Translation Constant MOLECULE ONE (1): 1.43E-10

Random Translation Constant MOLECULE TWO (2): 1.6899999999999999E-10


Final Molecule One Coordinates: 
4.840019996970938E-11	1.43E-10	1.4575899759891387E-10	
1.4522945134524647E-10	1.43E-10	1.4739298031816624E-10	
1.6189553917795485E-10	1.43E-10	1.5125976247060464E-10	


Final Molecule Two Coordinates: 
1.647246894828574E-10	1.6899999999999999E-10	1.7520703082238797E-10	
2.383350158166496E-10	1.6899999999999999E-10	1.7369191645860118E-10	
2.359739600261502E-10	1.6899999999999999E-10	1.6311844338522102E-10	



Sigma Point Charge Calculation: -3.6270611646918198E-12
