Tue Mar 19 07:59:41 PDT 2013


Random Angle Molecule One: 1.0


Random Angle Molecule Two: 6.0

Rotate (X) Molecule One Constants Matrix: 
 1.0 0.0 0.0
 0.0 0.5403023058681398 -0.8414709848078965
 0.0 0.8414709848078965 0.5403023058681398

Rotate (X) Molecule One Matrix Coordinates: 
 -24.0 0.0 93.0
 0.0 0.0 0.0
 96.0 0.0 0.0

Calculated Rotated (X) Molecule One Matrix Coordinates: 
 -24.0 0.0 93.0
 -80.78121454155806 0.0 0.0
 51.86902136334142 0.0 0.0

Rotate (Y) Molecule One Constants Matrix: 
 0.5403023058681398 0.0 -0.8414709848078965
 0.0 1.0 0.0
 0.8414709848078965 0.0 0.5403023058681398

Rotate (Y) Molecule One Matrix Coordinates: 
 -24.0 0.0 93.0
 -80.78121454155806 0.0 0.0
 51.86902136334142 0.0 0.0

Calculated Rotated (Y) Molecule One Matrix Coordinates: 
 -56.61353182846808 0.0 50.248114445736995
 -80.78121454155806 0.0 0.0
 7.829648210347656 0.0 78.25680158713438

Rotate (Z) Molecule One Constants Matrix: 
 0.5403023058681398 0.8414709848078965 0.0
 -0.8414709848078965 0.5403023058681398 0.0
 0.0 0.0 1.0

Rotate (Z) Molecule One Matrix Coordinates: 
 -56.61353182846808 0.0 50.248114445736995
 -80.78121454155806 0.0 0.0
 7.829648210347656 0.0 78.25680158713438


Final Calculated Rotated (Z) Molecule One Matrix Coordinates: 
 -98.56346994452345 0.0 27.149172100557884
 3.992367893521511 0.0 -42.2823303473942
 7.829648210347656 0.0 78.25680158713438

Rotate (X) Molecule Two Constants Matrix: 
 1.0 0.0 0.0
 0.0 0.9601702866503661 0.27941549819892586
 0.0 -0.27941549819892586 0.9601702866503661

Rotate (X) Molecule Two Matrix Coordinates: 
 -24.0 0.0 93.0
 0.0 0.0 0.0
 96.0 0.0 0.0

Calculated Rotated (X) Molecule Two Matrix Coordinates: 
 -24.0 0.0 93.0
 26.823887827096883 0.0 0.0
 92.17634751843514 0.0 0.0

Rotate (Y) Molecule Two Constants Matrix: 
 0.9601702866503661 0.0 0.27941549819892586
 0.0 1.0 0.0
 -0.27941549819892586 0.0 0.9601702866503661

Rotate (Y) Molecule Two Matrix Coordinates: 
 -24.0 0.0 93.0
 26.823887827096883 0.0 0.0
 92.17634751843514 0.0 0.0

Calculated Rotated (Y) Molecule Two Matrix Coordinates:
 2.7114131844120912 0.0 89.29583665848405
 26.823887827096883 0.0 0.0
 95.21096197593384 0.0 -25.985641332500105

Rotate (Z) Molecule Two Constants Matrix: 
 0.9601702866503661 -0.27941549819892586 0.0
 0.27941549819892586 0.9601702866503661 0.0
 0.0 0.0 1.0

Rotate (Z) Molecule Two Matrix Coordinates: 
 2.7114131844120912 0.0 89.29583665848405
 26.823887827096883 0.0 0.0
 95.21096197593384 0.0 -25.985641332500105


Final Calculated Rotated (Z) Molecule Two Matrix Coordinates: 
 -4.8915916063358384 0.0 85.73920908106089
 26.51311092976652 0.0 24.95064068702023
 95.21096197593384 0.0 -25.985641332500105


Random Translation Constant MOLECULE ONE (1): 79.0

Random Translation Constant MOLECULE TWO (2): 92.0


Final Molecule One Coordinates: 
-19.563469944523447	79.0	106.14917210055788	
82.9923678935215	79.0	36.7176696526058	
86.82964821034766	79.0	157.25680158713436	


Final Molecule Two Coordinates: 
87.10840839366416	92.0	177.7392090810609	
118.51311092976653	92.0	116.95064068702023	
187.21096197593386	92.0	66.01435866749989	



Sigma Point Charge Calculation: -0.010412901521850204
