Tue Mar 19 15:33:48 PDT 2013


Random Angle Molecule One: 1.576510264002471


Random Angle Molecule Two: 3.272710539705361

Rotate (X) Molecule One Constants Matrix: 
 1.0 0.0 0.0
 0.0 -0.005713906115161222 -0.999983675505209
 0.0 0.999983675505209 -0.005713906115161222

Rotate (X) Molecule One Matrix Coordinates: 
 -9.753666997463952 0.0 9.753666997463952
 0.0 0.0 0.0
 96.0 0.0 0.0

Calculated Rotated (X) Molecule One Matrix Coordinates: 
 -9.753666997463952 0.0 9.753666997463952
 -95.99843284850006 0.0 0.0
 -0.5485349870554773 0.0 0.0

Rotate (Y) Molecule One Constants Matrix: 
 -0.005713906115161222 0.0 -0.999983675505209
 0.0 1.0 0.0
 0.999983675505209 0.0 -0.005713906115161222

Rotate (Y) Molecule One Matrix Coordinates: 
 -9.753666997463952 0.0 9.753666997463952
 -95.99843284850006 0.0 0.0
 -0.5485349870554773 0.0 0.0

Calculated Rotated (Y) Molecule One Matrix Coordinates: 
 0.6042575700009939 0.0 -0.05573153750205547
 -95.99843284850006 0.0 0.0
 -9.750373496360943 0.0 9.753507773777859

Rotate (Z) Molecule One Constants Matrix: 
 -0.005713906115161222 0.999983675505209 0.0
 -0.999983675505209 -0.005713906115161222 0.0
 0.0 0.0 1.0

Rotate (Z) Molecule One Matrix Coordinates: 
 0.6042575700009939 0.0 -0.05573153750205547
 -95.99843284850006 0.0 0.0
 -9.750373496360943 0.0 9.753507773777859


Final Calculated Rotated (Z) Molecule One Matrix Coordinates: 
 -96.00031839360744 0.0 3.184447729403317E-4
 -0.05572167330250155 0.0 0.05573062771286182
 -9.750373496360943 0.0 9.753507773777859

Rotate (X) Molecule Two Constants Matrix: 
 1.0 0.0 0.0
 0.0 -0.9914163579746351 0.1307425146626378
 0.0 -0.1307425146626378 -0.9914163579746351

Rotate (X) Molecule Two Matrix Coordinates: 
 -9.753666997463952 0.0 9.753666997463952
 0.0 0.0 0.0
 96.0 0.0 0.0

Calculated Rotated (X) Molecule Two Matrix Coordinates: 
 -9.753666997463952 0.0 9.753666997463952
 12.55128140761323 0.0 0.0
 -95.17597036556498 0.0 0.0

Rotate (Y) Molecule Two Constants Matrix: 
 -0.9914163579746351 0.0 0.1307425146626378
 0.0 1.0 0.0
 -0.1307425146626378 0.0 -0.9914163579746351

Rotate (Y) Molecule Two Matrix Coordinates: 
 -9.753666997463952 0.0 9.753666997463952
 12.55128140761323 0.0 0.0
 -95.17597036556498 0.0 0.0

Calculated Rotated (Y) Molecule Two Matrix Coordinates:
 -2.773600689527555 0.0 -9.669945011523106
 12.55128140761323 0.0 0.0
 95.63423285696065 0.0 -1.2752189504304172

Rotate (Z) Molecule Two Constants Matrix: 
 -0.9914163579746351 -0.1307425146626378 0.0
 0.1307425146626378 -0.9914163579746351 0.0
 0.0 0.0 1.0

Rotate (Z) Molecule Two Matrix Coordinates: 
 -2.773600689527555 0.0 -9.669945011523106
 12.55128140761323 0.0 0.0
 95.63423285696065 0.0 -1.2752189504304172


Final Calculated Rotated (Z) Molecule Two Matrix Coordinates: 
 1.1088070006175794 0.0 9.586941665139229
 -12.806173229869518 0.0 -1.264272927455961
 95.63423285696065 0.0 -1.2752189504304172


Random Translation Constant MOLECULE ONE (1): 4.62E-10

Random Translation Constant MOLECULE TWO (2): 2.05E-10


Final Molecule One Coordinates: 
-96.00031839314545	4.62E-10	3.184452349403317E-4	
-0.05572167284050155	4.62E-10	0.055730628174861824	
-9.750373495898943	4.62E-10	9.753507774239859	


Final Molecule Two Coordinates: 
1.1088070008225794	2.05E-10	9.586941665344229	
-12.806173229664518	2.05E-10	-1.264272927250961	
95.63423285716566	2.05E-10	-1.2752189502254172	



Sigma Point Charge Calculation: -2.977698004610454E-30
