Sun Mar 17 22:28:15 PDT 2013
Random Angle: 3.0


Random Angle: 3.0

Rotate (X) Molecule One Constants Matrix: 
 1.0 0.0 0.0
 0.0 -0.9899924966004454 -0.1411200080598672
 0.0 0.1411200080598672 -0.9899924966004454

Rotate (X) Molecule One Matrix Coordinates: 
 -24.0 0.0 93.0
 0.0 0.0 0.0
 96.0 0.0 0.0

Calculated Rotated (X) Molecule One Matrix Coordinates: 
 -24.0 0.0 93.0
 -13.547520773747252 0.0 0.0
 -95.03927967364277 0.0 0.0

Rotate (Y) Molecule One Constants Matrix: 
 -0.9899924966004454 0.0 -0.1411200080598672
 0.0 1.0 0.0
 0.1411200080598672 0.0 -0.9899924966004454

Rotate (Y) Molecule One Matrix Coordinates: 
 -24.0 0.0 93.0
 -13.547520773747252 0.0 0.0
 -95.03927967364277 0.0 0.0

Calculated Rotated (Y) Molecule One Matrix Coordinates: 
 37.17176383195913 0.0 -92.06930218384143
 -13.547520773747252 0.0 0.0
 90.70129356578076 0.0 13.12416074956765

Rotate (Z) Molecule One Constants Matrix: 
 -0.9899924966004454 0.1411200080598672 0.0
 -0.1411200080598672 -0.9899924966004454 0.0
 0.0 0.0 1.0

Rotate (Z) Molecule One Matrix Coordinates: 
 37.17176383195913 0.0 -92.06930218384143
 -13.547520773747252 0.0 0.0
 90.70129356578076 0.0 13.12416074956765


Final Calculated Rotated (Z) Molecule One Matrix Coordinates: 
 -38.71159351982579 0.0 91.14791832924202
 8.166264301982885 0.0 12.992820666250052
 90.70129356578076 0.0 13.12416074956765

Rotate (X) Molecule Two Constants Matrix: 
 1.0 0.0 0.0
 0.0 -0.9899924966004454 -0.1411200080598672
 0.0 0.1411200080598672 -0.9899924966004454

Rotate (X) Molecule Two Matrix Coordinates: 
 -24.0 0.0 93.0
 0.0 0.0 0.0
 96.0 0.0 0.0

Calculated Rotated (X) Molecule Two Matrix Coordinates: 
 -24.0 0.0 93.0
 -13.547520773747252 0.0 0.0
 -95.03927967364277 0.0 0.0

Rotate (Y) Molecule Two Constants Matrix: 
 -0.9899924966004454 0.0 -0.1411200080598672
 0.0 1.0 0.0
 0.1411200080598672 0.0 -0.9899924966004454

Rotate (Y) Molecule Two Matrix Coordinates: 
 -24.0 0.0 93.0
 -13.547520773747252 0.0 0.0
 -95.03927967364277 0.0 0.0

Calculated Rotated (Y) Molecule Two Matrix Coordinates:
 37.17176383195913 0.0 -92.06930218384143
 -13.547520773747252 0.0 0.0
 90.70129356578076 0.0 13.12416074956765

Rotate (Z) Molecule Two Constants Matrix: 
 -0.9899924966004454 0.1411200080598672 0.0
 -0.1411200080598672 -0.9899924966004454 0.0
 0.0 0.0 1.0

Rotate (Z) Molecule Two Matrix Coordinates: 
 37.17176383195913 0.0 -92.06930218384143
 -13.547520773747252 0.0 0.0
 90.70129356578076 0.0 13.12416074956765


Final Calculated Rotated (Z) Molecule Two Matrix Coordinates: 
 -38.71159351982579 0.0 91.14791832924202
 8.166264301982885 0.0 12.992820666250052
 90.70129356578076 0.0 13.12416074956765


Random Translation Constant MOLECULE ONE (1): 26.0

Random Translation Constant MOLECULE TWO (2): 300.0


Final Molecule One Coordinate: 
-12.71159351982579	26.0	117.14791832924202	
34.166264301982885	26.0	38.992820666250054	
116.70129356578076	26.0	39.12416074956765	


Final Molecule Two Coordinate: 
261.2884064801742	300.0	391.14791832924203	
308.1662643019829	300.0	312.99282066625005	
390.70129356578076	300.0	313.12416074956764	



Sigma Point Charge Calculation: 4.396914776808234
