Tue Mar 19 16:13:08 PDT 2013


Random Angle Molecule One: 4.313392593323089


Random Angle Molecule Two: 2.9187611984214845

Rotate (X) Molecule One Constants Matrix: 
 1.0 0.0 0.0
 0.0 -0.3884937576145539 0.9214513553598607
 0.0 -0.9214513553598607 -0.3884937576145539

Rotate (X) Molecule One Matrix Coordinates: 
 -9.753666997463952E-12 0.0 9.753666997463952E-12
 0.0 0.0 0.0
 9.6E-11 0.0 0.0

Calculated Rotated (X) Molecule One Matrix Coordinates: 
 -9.753666997463952E-12 0.0 9.753666997463952E-12
 8.845933011454663E-11 0.0 0.0
 -3.729540073099718E-11 0.0 0.0

Rotate (Y) Molecule One Constants Matrix: 
 -0.3884937576145539 0.0 0.9214513553598607
 0.0 1.0 0.0
 -0.9214513553598607 0.0 -0.3884937576145539

Rotate (Y) Molecule One Matrix Coordinates: 
 -9.753666997463952E-12 0.0 9.753666997463952E-12
 8.845933011454663E-11 0.0 0.0
 -3.729540073099718E-11 0.0 0.0

Calculated Rotated (Y) Molecule One Matrix Coordinates: 
 -3.057665880990065E-11 0.0 -3.7892387423658344E-12
 8.845933011454663E-11 0.0 0.0
 2.3476560046267576E-11 0.0 -8.987529674541901E-12

Rotate (Z) Molecule One Constants Matrix: 
 -0.3884937576145539 -0.9214513553598607 0.0
 0.9214513553598607 -0.3884937576145539 0.0
 0.0 0.0 1.0

Rotate (Z) Molecule One Matrix Coordinates: 
 -3.057665880990065E-11 0.0 -3.7892387423658344E-12
 8.845933011454663E-11 0.0 0.0
 2.3476560046267576E-11 0.0 -8.987529674541901E-12


Final Calculated Rotated (Z) Molecule One Matrix Coordinates: 
 -6.963212855191787E-11 0.0 1.4720955975203495E-12
 -6.254080125502546E-11 0.0 -3.491599174935092E-12
 2.3476560046267576E-11 0.0 -8.987529674541901E-12

Rotate (X) Molecule Two Constants Matrix: 
 1.0 0.0 0.0
 0.0 -0.9752756308122666 -0.22099195447738668
 0.0 0.22099195447738668 -0.9752756308122666

Rotate (X) Molecule Two Matrix Coordinates: 
 -9.753666997463952E-12 0.0 9.753666997463952E-12
 0.0 0.0 0.0
 9.6E-11 0.0 0.0

Calculated Rotated (X) Molecule Two Matrix Coordinates: 
 -9.753666997463952E-12 0.0 9.753666997463952E-12
 -2.1215227629829122E-11 0.0 0.0
 -9.36264605579776E-11 0.0 0.0

Rotate (Y) Molecule Two Constants Matrix: 
 -0.9752756308122666 0.0 -0.22099195447738668
 0.0 1.0 0.0
 0.22099195447738668 0.0 -0.9752756308122666

Rotate (Y) Molecule Two Matrix Coordinates: 
 -9.753666997463952E-12 0.0 9.753666997463952E-12
 -2.1215227629829122E-11 0.0 0.0
 -9.36264605579776E-11 0.0 0.0

Calculated Rotated (Y) Molecule Two Matrix Coordinates:
 3.020320824319187E-11 0.0 -9.512513733684442E-12
 -2.1215227629829122E-11 0.0 0.0
 8.915612344831027E-11 0.0 2.1554819330911426E-12

Rotate (Z) Molecule Two Constants Matrix: 
 -0.9752756308122666 0.22099195447738668 0.0
 -0.22099195447738668 -0.9752756308122666 0.0
 0.0 0.0 1.0

Rotate (Z) Molecule Two Matrix Coordinates: 
 3.020320824319187E-11 0.0 -9.512513733684442E-12
 -2.1215227629829122E-11 0.0 0.0
 8.915612344831027E-11 0.0 2.1554819330911426E-12


Final Calculated Rotated (Z) Molecule Two Matrix Coordinates: 
 -3.41448475905318E-11 0.0 9.277322832229445E-12
 1.4016028488356937E-11 0.0 2.102189001999908E-12
 8.915612344831027E-11 0.0 2.1554819330911426E-12


Random Translation Constant MOLECULE ONE (1): 3.93E-10

Random Translation Constant MOLECULE TWO (2): 1.37E-10


Final Molecule One Coordinates: 
3.2336787144808214E-10	3.93E-10	3.9447209559752034E-10	
3.3045919874497455E-10	3.93E-10	3.895084008250649E-10	
4.1647656004626754E-10	3.93E-10	3.840124703254581E-10	


Final Molecule Two Coordinates: 
1.028551524094682E-10	1.37E-10	1.4627732283222944E-10	
1.5101602848835693E-10	1.37E-10	1.391021890019999E-10	
2.2615612344831027E-10	1.37E-10	1.3915548193309115E-10	



Sigma Point Charge Calculation: -5.439195774460322E-12 Joules
