Tue Mar 19 16:12:59 PDT 2013


Random Angle Molecule One: 0.12836040104595103


Random Angle Molecule Two: 4.472669758058115

Rotate (X) Molecule One Constants Matrix: 
 1.0 0.0 0.0
 0.0 0.9917731088241544 -0.1280082052576005
 0.0 0.1280082052576005 0.9917731088241544

Rotate (X) Molecule One Matrix Coordinates: 
 -9.753666997463952E-12 0.0 9.753666997463952E-12
 0.0 0.0 0.0
 9.6E-11 0.0 0.0

Calculated Rotated (X) Molecule One Matrix Coordinates: 
 -9.753666997463952E-12 0.0 9.753666997463952E-12
 -1.2288787704729649E-11 0.0 0.0
 9.521021844711883E-11 0.0 0.0

Rotate (Y) Molecule One Constants Matrix: 
 0.9917731088241544 0.0 -0.1280082052576005
 0.0 1.0 0.0
 0.1280082052576005 0.0 0.9917731088241544

Rotate (Y) Molecule One Matrix Coordinates: 
 -9.753666997463952E-12 0.0 9.753666997463952E-12
 -1.2288787704729649E-11 0.0 0.0
 9.521021844711883E-11 0.0 0.0

Calculated Rotated (Y) Molecule One Matrix Coordinates: 
 -2.186111382611015E-11 0.0 9.673424640510379E-12
 -1.2288787704729649E-11 0.0 0.0
 9.317838493410024E-11 0.0 1.2485494070256497E-12

Rotate (Z) Molecule One Constants Matrix: 
 0.9917731088241544 0.1280082052576005 0.0
 -0.1280082052576005 0.9917731088241544 0.0
 0.0 0.0 1.0

Rotate (Z) Molecule One Matrix Coordinates: 
 -2.186111382611015E-11 0.0 9.673424640510379E-12
 -1.2288787704729649E-11 0.0 0.0
 9.317838493410024E-11 0.0 1.2485494070256497E-12


Final Calculated Rotated (Z) Molecule One Matrix Coordinates: 
 -2.325433048055408E-11 0.0 9.593842428695156E-12
 -9.389287239787292E-12 0.0 -1.238277726926383E-12
 9.317838493410024E-11 0.0 1.2485494070256497E-12

Rotate (X) Molecule Two Constants Matrix: 
 1.0 0.0 0.0
 0.0 -0.23742988704425572 0.9714046781533183
 0.0 -0.9714046781533183 -0.23742988704425572

Rotate (X) Molecule Two Matrix Coordinates: 
 -9.753666997463952E-12 0.0 9.753666997463952E-12
 0.0 0.0 0.0
 9.6E-11 0.0 0.0

Calculated Rotated (X) Molecule Two Matrix Coordinates: 
 -9.753666997463952E-12 0.0 9.753666997463952E-12
 9.325484910271857E-11 0.0 0.0
 -2.279326915624855E-11 0.0 0.0

Rotate (Y) Molecule Two Constants Matrix: 
 -0.23742988704425572 0.0 0.9714046781533183
 0.0 1.0 0.0
 -0.9714046781533183 0.0 -0.23742988704425572

Rotate (Y) Molecule Two Matrix Coordinates: 
 -9.753666997463952E-12 0.0 9.753666997463952E-12
 9.325484910271857E-11 0.0 0.0
 -2.279326915624855E-11 0.0 0.0

Calculated Rotated (Y) Molecule Two Matrix Coordinates:
 -1.982567623531243E-11 0.0 -2.315812053475151E-12
 9.325484910271857E-11 0.0 0.0
 1.4886561071623526E-11 0.0 -9.474757750486113E-12

Rotate (Z) Molecule Two Constants Matrix: 
 -0.23742988704425572 -0.9714046781533183 0.0
 0.9714046781533183 -0.23742988704425572 0.0
 0.0 0.0 1.0

Rotate (Z) Molecule Two Matrix Coordinates: 
 -1.982567623531243E-11 0.0 -2.315812053475151E-12
 9.325484910271857E-11 0.0 0.0
 1.4886561071623526E-11 0.0 -9.474757750486113E-12


Final Calculated Rotated (Z) Molecule Two Matrix Coordinates: 
 -8.588098860973638E-11 0.0 5.49842994272331E-13
 -4.140024293132315E-11 0.0 -2.2495906624696042E-12
 1.4886561071623526E-11 0.0 -9.474757750486113E-12


Random Translation Constant MOLECULE ONE (1): 3.78E-10

Random Translation Constant MOLECULE TWO (2): 2.2899999999999998E-10


Final Molecule One Coordinates: 
3.547456695194459E-10	3.78E-10	3.875938424286951E-10	
3.6861071276021267E-10	3.78E-10	3.767617222730736E-10	
4.711783849341002E-10	3.78E-10	3.792485494070256E-10	


Final Molecule Two Coordinates: 
1.431190113902636E-10	2.2899999999999998E-10	2.295498429942723E-10	
1.8759975706867684E-10	2.2899999999999998E-10	2.267504093375304E-10	
2.438865610716235E-10	2.2899999999999998E-10	2.1952524224951386E-10	



Sigma Point Charge Calculation: -3.540328195797582E-12 Joules
