Sun Mar 17 22:19:02 PDT 2013
Random Angle: 6.0


Random Angle: 6.0

Rotate (X) Molecule One Constants Matrix: 
 1.0 0.0 0.0
 0.0 0.9601702866503661 0.27941549819892586
 0.0 -0.27941549819892586 0.9601702866503661

Rotate (X) Molecule One Matrix Coordinates: 
 -24.0 0.0 93.0
 0.0 0.0 0.0
 96.0 0.0 0.0

Calculated Rotated (X) Molecule One Matrix Coordinates: 
 -24.0 0.0 93.0
 26.823887827096883 0.0 0.0
 92.17634751843514 0.0 0.0

Rotate (Y) Molecule One Constants Matrix: 
 0.9601702866503661 0.0 0.27941549819892586
 0.0 1.0 0.0
 -0.27941549819892586 0.0 0.9601702866503661

Rotate (Y) Molecule One Matrix Coordinates: 
 -24.0 0.0 93.0
 26.823887827096883 0.0 0.0
 92.17634751843514 0.0 0.0

Calculated Rotated (Y) Molecule One Matrix Coordinates: 
 2.7114131844120912 0.0 89.29583665848405
 26.823887827096883 0.0 0.0
 95.21096197593384 0.0 -25.985641332500105

Rotate (Z) Molecule One Constants Matrix: 
 0.9601702866503661 -0.27941549819892586 0.0
 0.27941549819892586 0.9601702866503661 0.0
 0.0 0.0 1.0

Rotate (Z) Molecule One Matrix Coordinates: 
 2.7114131844120912 0.0 89.29583665848405
 26.823887827096883 0.0 0.0
 95.21096197593384 0.0 -25.985641332500105


Final Calculated Rotated (Z) Molecule One Matrix Coordinates: 
 -4.8915916063358384 0.0 85.73920908106089
 26.51311092976652 0.0 24.95064068702023
 95.21096197593384 0.0 -25.985641332500105

Rotate (X) Molecule Two Constants Matrix: 
 1.0 0.0 0.0
 0.0 0.9601702866503661 0.27941549819892586
 0.0 -0.27941549819892586 0.9601702866503661

Rotate (X) Molecule Two Matrix Coordinates: 
 -24.0 0.0 93.0
 0.0 0.0 0.0
 96.0 0.0 0.0

Calculated Rotated (X) Molecule Two Matrix Coordinates: 
 -24.0 0.0 93.0
 26.823887827096883 0.0 0.0
 92.17634751843514 0.0 0.0

Rotate (Y) Molecule Two Constants Matrix: 
 0.9601702866503661 0.0 0.27941549819892586
 0.0 1.0 0.0
 -0.27941549819892586 0.0 0.9601702866503661

Rotate (Y) Molecule Two Matrix Coordinates: 
 -24.0 0.0 93.0
 26.823887827096883 0.0 0.0
 92.17634751843514 0.0 0.0

Calculated Rotated (Y) Molecule Two Matrix Coordinates:
 2.7114131844120912 0.0 89.29583665848405
 26.823887827096883 0.0 0.0
 95.21096197593384 0.0 -25.985641332500105

Rotate (Z) Molecule Two Constants Matrix: 
 0.9601702866503661 -0.27941549819892586 0.0
 0.27941549819892586 0.9601702866503661 0.0
 0.0 0.0 1.0

Rotate (Z) Molecule Two Matrix Coordinates: 
 2.7114131844120912 0.0 89.29583665848405
 26.823887827096883 0.0 0.0
 95.21096197593384 0.0 -25.985641332500105


Final Calculated Rotated (Z) Molecule Two Matrix Coordinates: 
 -4.8915916063358384 0.0 85.73920908106089
 26.51311092976652 0.0 24.95064068702023
 95.21096197593384 0.0 -25.985641332500105
Random Translation Constant: 70.0


Final Molecule One Coordinate: 
65.10840839366416	70.0	155.7392090810609	
96.51311092976653	70.0	94.95064068702023	
165.21096197593386	70.0	44.01435866749989	


Final Molecule Two Coordinate: 
70.0	70.0	70.0	
70.0	70.0	70.0	
70.0	70.0	70.0	



Sigma Point Charge Calculation: 9.664726301381696
