Sun Mar 17 22:14:01 PDT 2013
Random Angle : 2.0
Random Angle: 2.0
Rotate (X) Molecule One Constants Matrix: 
 1.0 0.0 0.0
 0.0 -0.4161468365471424 -0.9092974268256817
 0.0 0.9092974268256817 -0.4161468365471424
Rotate (X) Molecule One Matrix Coordinates: 
 -24.0 0.0 93.0
 0.0 0.0 0.0
 96.0 0.0 0.0
Calculated Rotated (X) Molecule One Matrix Coordinates: 
 -24.0 0.0 93.0
 -87.29255297526544 0.0 0.0
 -39.95009630852567 0.0 0.0
Rotate (Y) Molecule One Constants Matrix: 
 -0.4161468365471424 0.0 -0.9092974268256817
 0.0 1.0 0.0
 0.9092974268256817 0.0 -0.4161468365471424
Rotate (Y) Molecule One Matrix Coordinates: 
 -24.0 0.0 93.0
 -87.29255297526544 0.0 0.0
 -39.95009630852567 0.0 0.0
Calculated Rotated (Y) Molecule One Matrix Coordinates: 
 46.314043851911975 0.0 -38.70165579888425
 -87.29255297526544 0.0 0.0
 -5.198032045269727 0.0 84.5646606947884
Rotate (Z) Molecule One Constants Matrix: 
 -0.4161468365471424 0.9092974268256817 0.0
 -0.9092974268256817 -0.4161468365471424 0.0
 0.0 0.0 1.0
Rotate (Z) Molecule One Matrix Coordinates: 
 46.314043851911975 0.0 -38.70165579888425
 -87.29255297526544 0.0 0.0
 -5.198032045269727 0.0 84.5646606947884
Final Calculated Rotated (Z) Molecule One Matrix Coordinates: 
 -98.64833663813216 0.0 16.10557162984205
 -5.786721125654786 0.0 35.191316031818666
 -5.198032045269727 0.0 84.5646606947884
Rotate (X) Molecule Two Constants Matrix: 
 1.0 0.0 0.0
 0.0 -0.4161468365471424 -0.9092974268256817
 0.0 0.9092974268256817 -0.4161468365471424
Rotate (X) Molecule Two Matrix Coordinates: 
 -24.0 0.0 93.0
 0.0 0.0 0.0
 96.0 0.0 0.0
Calculated Rotated (X) Molecule Two Matrix Coordinates: 
 -24.0 0.0 93.0
 -87.29255297526544 0.0 0.0
 -39.95009630852567 0.0 0.0
Rotate (Y) Molecule Two Constants Matrix: 
 -0.4161468365471424 0.0 -0.9092974268256817
 0.0 1.0 0.0
 0.9092974268256817 0.0 -0.4161468365471424
Rotate (Y) Molecule Two Matrix Coordinates: 
 -24.0 0.0 93.0
 -87.29255297526544 0.0 0.0
 -39.95009630852567 0.0 0.0
Calculated Rotated (Y) Molecule Two Matrix Coordinates:
 46.314043851911975 0.0 -38.70165579888425
 -87.29255297526544 0.0 0.0
 -5.198032045269727 0.0 84.5646606947884
Rotate (Z) Molecule Two Constants Matrix: 
 -0.4161468365471424 0.9092974268256817 0.0
 -0.9092974268256817 -0.4161468365471424 0.0
 0.0 0.0 1.0
Rotate (Z) Molecule Two Matrix Coordinates: 
 46.314043851911975 0.0 -38.70165579888425
 -87.29255297526544 0.0 0.0
 -5.198032045269727 0.0 84.5646606947884
Final Calculated Rotated (Z) Molecule Two Matrix Coordinates: 
 -98.64833663813216 0.0 16.10557162984205
 -5.786721125654786 0.0 35.191316031818666
 -5.198032045269727 0.0 84.5646606947884
Generated : 297.0
Random Translation Constant: 297.0
The number of rows and columns of matrix: 3
Sum of entered matrices:
198.35166336186785	297.0	313.1055716298421	
291.21327887434524	297.0	332.19131603181864	
291.8019679547303	297.0	381.5646606947884	
The number of rows and columns of matrix: 3
Sum of entered matrices:-
297.0	297.0	297.0	
297.0	297.0	297.0	
297.0	297.0	297.0	
Sigma Point Charge Calculation: 9.770853858936311
