Tue Mar 19 08:17:01 PDT 2013


Random Angle Molecule One: 3.0


Random Angle Molecule Two: 4.0

Rotate (X) Molecule One Constants Matrix: 
 1.0 0.0 0.0
 0.0 -0.9899924966004454 -0.1411200080598672
 0.0 0.1411200080598672 -0.9899924966004454

Rotate (X) Molecule One Matrix Coordinates: 
 -24.0 0.0 93.0
 0.0 0.0 0.0
 96.0 0.0 0.0

Calculated Rotated (X) Molecule One Matrix Coordinates: 
 -24.0 0.0 93.0
 -13.547520773747252 0.0 0.0
 -95.03927967364277 0.0 0.0

Rotate (Y) Molecule One Constants Matrix: 
 -0.9899924966004454 0.0 -0.1411200080598672
 0.0 1.0 0.0
 0.1411200080598672 0.0 -0.9899924966004454

Rotate (Y) Molecule One Matrix Coordinates: 
 -24.0 0.0 93.0
 -13.547520773747252 0.0 0.0
 -95.03927967364277 0.0 0.0

Calculated Rotated (Y) Molecule One Matrix Coordinates: 
 37.17176383195913 0.0 -92.06930218384143
 -13.547520773747252 0.0 0.0
 90.70129356578076 0.0 13.12416074956765

Rotate (Z) Molecule One Constants Matrix: 
 -0.9899924966004454 0.1411200080598672 0.0
 -0.1411200080598672 -0.9899924966004454 0.0
 0.0 0.0 1.0

Rotate (Z) Molecule One Matrix Coordinates: 
 37.17176383195913 0.0 -92.06930218384143
 -13.547520773747252 0.0 0.0
 90.70129356578076 0.0 13.12416074956765


Final Calculated Rotated (Z) Molecule One Matrix Coordinates: 
 -38.71159351982579 0.0 91.14791832924202
 8.166264301982885 0.0 12.992820666250052
 90.70129356578076 0.0 13.12416074956765

Rotate (X) Molecule Two Constants Matrix: 
 1.0 0.0 0.0
 0.0 -0.6536436208636119 0.7568024953079282
 0.0 -0.7568024953079282 -0.6536436208636119

Rotate (X) Molecule Two Matrix Coordinates: 
 -24.0 0.0 93.0
 0.0 0.0 0.0
 96.0 0.0 0.0

Calculated Rotated (X) Molecule Two Matrix Coordinates: 
 -24.0 0.0 93.0
 72.6530395495611 0.0 0.0
 -62.74978760290675 0.0 0.0

Rotate (Y) Molecule Two Constants Matrix: 
 -0.6536436208636119 0.0 0.7568024953079282
 0.0 1.0 0.0
 -0.7568024953079282 0.0 -0.6536436208636119

Rotate (Y) Molecule Two Matrix Coordinates: 
 -24.0 0.0 93.0
 72.6530395495611 0.0 0.0
 -62.74978760290675 0.0 0.0

Calculated Rotated (Y) Molecule Two Matrix Coordinates:
 -31.801748937195637 0.0 -60.78885674031591
 72.6530395495611 0.0 0.0
 59.17925826457683 0.0 -70.38263206363732

Rotate (Z) Molecule Two Constants Matrix: 
 -0.6536436208636119 -0.7568024953079282 0.0
 0.7568024953079282 -0.6536436208636119 0.0
 0.0 0.0 1.0

Rotate (Z) Molecule Two Matrix Coordinates: 
 -31.801748937195637 0.0 -60.78885674031591
 72.6530395495611 0.0 0.0
 59.17925826457683 0.0 -70.38263206363732


Final Calculated Rotated (Z) Molecule Two Matrix Coordinates: 
 -34.19699129770936 0.0 39.73424842789947
 -71.55683878874822 0.0 -46.00515846798725
 59.17925826457683 0.0 -70.38263206363732


Random Translation Constant MOLECULE ONE (1): 309.0

Random Translation Constant MOLECULE TWO (2): 198.0


Final Molecule One Coordinates: 
270.2884064801742	309.0	400.14791832924203	
317.1662643019829	309.0	321.99282066625005	
399.70129356578076	309.0	322.12416074956764	


Final Molecule Two Coordinates: 
163.80300870229064	198.0	237.73424842789947	
126.44316121125178	198.0	151.99484153201274	
257.17925826457684	198.0	127.61736793636268	



Sigma Point Charge Calculation: -0.07043565954143222
