Tue Mar 19 16:13:01 PDT 2013


Random Angle Molecule One: 4.684172889267647


Random Angle Molecule Two: 5.748751927308955

Rotate (X) Molecule One Constants Matrix: 
 1.0 0.0 0.0
 0.0 -0.028212347236278305 0.999601952510808
 0.0 -0.999601952510808 -0.028212347236278305

Rotate (X) Molecule One Matrix Coordinates: 
 -9.753666997463952E-12 0.0 9.753666997463952E-12
 0.0 0.0 0.0
 9.6E-11 0.0 0.0

Calculated Rotated (X) Molecule One Matrix Coordinates: 
 -9.753666997463952E-12 0.0 9.753666997463952E-12
 9.596178744103757E-11 0.0 0.0
 -2.7083853346827174E-12 0.0 0.0

Rotate (Y) Molecule One Constants Matrix: 
 -0.028212347236278305 0.0 0.999601952510808
 0.0 1.0 0.0
 -0.999601952510808 0.0 -0.028212347236278305

Rotate (Y) Molecule One Matrix Coordinates: 
 -9.753666997463952E-12 0.0 9.753666997463952E-12
 9.596178744103757E-11 0.0 0.0
 -2.7083853346827174E-12 0.0 0.0

Calculated Rotated (Y) Molecule One Matrix Coordinates: 
 -2.4321334285410015E-12 0.0 -2.7517384015948106E-13
 9.596178744103757E-11 0.0 0.0
 9.82619448231691E-12 0.0 -9.749784574805197E-12

Rotate (Z) Molecule One Constants Matrix: 
 -0.028212347236278305 -0.999601952510808 0.0
 0.999601952510808 -0.028212347236278305 0.0
 0.0 0.0 1.0

Rotate (Z) Molecule One Matrix Coordinates: 
 -2.4321334285410015E-12 0.0 -2.7517384015948106E-13
 9.596178744103757E-11 0.0 0.0
 9.82619448231691E-12 0.0 -9.749784574805197E-12


Final Calculated Rotated (Z) Molecule One Matrix Coordinates: 
 -9.585497389967732E-11 0.0 7.763299928919424E-15
 -5.138472592636873E-12 0.0 -2.7506430790331423E-13
 9.82619448231691E-12 0.0 -9.749784574805197E-12

Rotate (X) Molecule Two Constants Matrix: 
 1.0 0.0 0.0
 0.0 0.8605573773567975 0.5093535120884026
 0.0 -0.5093535120884026 0.8605573773567975

Rotate (X) Molecule Two Matrix Coordinates: 
 -9.753666997463952E-12 0.0 9.753666997463952E-12
 0.0 0.0 0.0
 9.6E-11 0.0 0.0

Calculated Rotated (X) Molecule Two Matrix Coordinates: 
 -9.753666997463952E-12 0.0 9.753666997463952E-12
 4.8897937160486654E-11 0.0 0.0
 8.261350822625257E-11 0.0 0.0

Rotate (Y) Molecule Two Constants Matrix: 
 0.8605573773567975 0.0 0.5093535120884026
 0.0 1.0 0.0
 -0.5093535120884026 0.0 0.8605573773567975

Rotate (Y) Molecule Two Matrix Coordinates: 
 -9.753666997463952E-12 0.0 9.753666997463952E-12
 4.8897937160486654E-11 0.0 0.0
 8.261350822625257E-11 0.0 0.0

Calculated Rotated (Y) Molecule Two Matrix Coordinates:
 3.368589047003676E-11 0.0 8.393590090949128E-12
 4.8897937160486654E-11 0.0 0.0
 7.606172851432714E-11 0.0 -4.968064540899009E-12

Rotate (Z) Molecule Two Constants Matrix: 
 0.8605573773567975 -0.5093535120884026 0.0
 0.5093535120884026 0.8605573773567975 0.0
 0.0 0.0 1.0

Rotate (Z) Molecule Two Matrix Coordinates: 
 3.368589047003676E-11 0.0 8.393590090949128E-12
 4.8897937160486654E-11 0.0 0.0
 7.606172851432714E-11 0.0 -4.968064540899009E-12


Final Calculated Rotated (Z) Molecule Two Matrix Coordinates: 
 4.082305530251281E-12 0.0 7.223165875275185E-12
 5.923750717972436E-11 0.0 4.2753045918553535E-12
 7.606172851432714E-11 0.0 -4.968064540899009E-12


Random Translation Constant MOLECULE ONE (1): 4.86E-10

Random Translation Constant MOLECULE TWO (2): 2.59E-10


Final Molecule One Coordinates: 
3.9014502610032264E-10	4.86E-10	4.860077632999289E-10	
4.808615274073631E-10	4.86E-10	4.857249356920967E-10	
4.958261944823169E-10	4.86E-10	4.762502154251947E-10	


Final Molecule Two Coordinates: 
2.630823055302513E-10	2.59E-10	2.662231658752752E-10	
3.1823750717972434E-10	2.59E-10	2.6327530459185535E-10	
3.350617285143271E-10	2.59E-10	2.54031935459101E-10	



Sigma Point Charge Calculation: -3.804281462076204E-12 Joules
