Sun Mar 17 22:15:36 PDT 2013
Random Angle: 1.0


Random Angle: 1.0

Rotate (X) Molecule One Constants Matrix: 
 1.0 0.0 0.0
 0.0 0.5403023058681398 -0.8414709848078965
 0.0 0.8414709848078965 0.5403023058681398

Rotate (X) Molecule One Matrix Coordinates: 
 -24.0 0.0 93.0
 0.0 0.0 0.0
 96.0 0.0 0.0

Calculated Rotated (X) Molecule One Matrix Coordinates: 
 -24.0 0.0 93.0
 -80.78121454155806 0.0 0.0
 51.86902136334142 0.0 0.0

Rotate (Y) Molecule One Constants Matrix: 
 0.5403023058681398 0.0 -0.8414709848078965
 0.0 1.0 0.0
 0.8414709848078965 0.0 0.5403023058681398

Rotate (Y) Molecule One Matrix Coordinates: 
 -24.0 0.0 93.0
 -80.78121454155806 0.0 0.0
 51.86902136334142 0.0 0.0

Calculated Rotated (Y) Molecule One Matrix Coordinates: 
 -56.61353182846808 0.0 50.248114445736995
 -80.78121454155806 0.0 0.0
 7.829648210347656 0.0 78.25680158713438

Rotate (Z) Molecule One Constants Matrix: 
 0.5403023058681398 0.8414709848078965 0.0
 -0.8414709848078965 0.5403023058681398 0.0
 0.0 0.0 1.0

Rotate (Z) Molecule One Matrix Coordinates: 
 -56.61353182846808 0.0 50.248114445736995
 -80.78121454155806 0.0 0.0
 7.829648210347656 0.0 78.25680158713438


Final Calculated Rotated (Z) Molecule One Matrix Coordinates: 
 -98.56346994452345 0.0 27.149172100557884
 3.992367893521511 0.0 -42.2823303473942
 7.829648210347656 0.0 78.25680158713438

Rotate (X) Molecule Two Constants Matrix: 
 1.0 0.0 0.0
 0.0 0.5403023058681398 -0.8414709848078965
 0.0 0.8414709848078965 0.5403023058681398

Rotate (X) Molecule Two Matrix Coordinates: 
 -24.0 0.0 93.0
 0.0 0.0 0.0
 96.0 0.0 0.0

Calculated Rotated (X) Molecule Two Matrix Coordinates: 
 -24.0 0.0 93.0
 -80.78121454155806 0.0 0.0
 51.86902136334142 0.0 0.0

Rotate (Y) Molecule Two Constants Matrix: 
 0.5403023058681398 0.0 -0.8414709848078965
 0.0 1.0 0.0
 0.8414709848078965 0.0 0.5403023058681398

Rotate (Y) Molecule Two Matrix Coordinates: 
 -24.0 0.0 93.0
 -80.78121454155806 0.0 0.0
 51.86902136334142 0.0 0.0

Calculated Rotated (Y) Molecule Two Matrix Coordinates:
 -56.61353182846808 0.0 50.248114445736995
 -80.78121454155806 0.0 0.0
 7.829648210347656 0.0 78.25680158713438

Rotate (Z) Molecule Two Constants Matrix: 
 0.5403023058681398 0.8414709848078965 0.0
 -0.8414709848078965 0.5403023058681398 0.0
 0.0 0.0 1.0

Rotate (Z) Molecule Two Matrix Coordinates: 
 -56.61353182846808 0.0 50.248114445736995
 -80.78121454155806 0.0 0.0
 7.829648210347656 0.0 78.25680158713438


Final Calculated Rotated (Z) Molecule Two Matrix Coordinates: 
 -98.56346994452345 0.0 27.149172100557884
 3.992367893521511 0.0 -42.2823303473942
 7.829648210347656 0.0 78.25680158713438
Random Translation Constant: 262.0


Final Molecule One Coordinate: 
163.43653005547657	262.0	289.1491721005579	
265.99236789352153	262.0	219.7176696526058	
269.82964821034767	262.0	340.25680158713436	


Final Molecule One Coordinate: 
262.0	262.0	262.0	
262.0	262.0	262.0	
262.0	262.0	262.0	



Sigma Point Charge Calculation: 0.0
