Mon Mar 18 08:20:41 PDT 2013


Random Angle: 6.0

Rotate (X) Molecule One Constants Matrix: 
 1.0 0.0 0.0
 0.0 0.9601702866503661 0.27941549819892586
 0.0 -0.27941549819892586 0.9601702866503661

Rotate (X) Molecule One Matrix Coordinates: 
 -24.0 0.0 93.0
 0.0 0.0 0.0
 96.0 0.0 0.0

Calculated Rotated (X) Molecule One Matrix Coordinates: 
 -24.0 0.0 93.0
 26.823887827096883 0.0 0.0
 92.17634751843514 0.0 0.0

Rotate (Y) Molecule One Constants Matrix: 
 0.9601702866503661 0.0 0.27941549819892586
 0.0 1.0 0.0
 -0.27941549819892586 0.0 0.9601702866503661

Rotate (Y) Molecule One Matrix Coordinates: 
 -24.0 0.0 93.0
 26.823887827096883 0.0 0.0
 92.17634751843514 0.0 0.0

Calculated Rotated (Y) Molecule One Matrix Coordinates: 
 2.7114131844120912 0.0 89.29583665848405
 26.823887827096883 0.0 0.0
 95.21096197593384 0.0 -25.985641332500105

Rotate (Z) Molecule One Constants Matrix: 
 0.9601702866503661 -0.27941549819892586 0.0
 0.27941549819892586 0.9601702866503661 0.0
 0.0 0.0 1.0

Rotate (Z) Molecule One Matrix Coordinates: 
 2.7114131844120912 0.0 89.29583665848405
 26.823887827096883 0.0 0.0
 95.21096197593384 0.0 -25.985641332500105


Final Calculated Rotated (Z) Molecule One Matrix Coordinates: 
 -4.8915916063358384 0.0 85.73920908106089
 26.51311092976652 0.0 24.95064068702023
 95.21096197593384 0.0 -25.985641332500105

Rotate (X) Molecule Two Constants Matrix: 
 1.0 0.0 0.0
 0.0 0.9601702866503661 0.27941549819892586
 0.0 -0.27941549819892586 0.9601702866503661

Rotate (X) Molecule Two Matrix Coordinates: 
 -24.0 0.0 93.0
 0.0 0.0 0.0
 96.0 0.0 0.0

Calculated Rotated (X) Molecule Two Matrix Coordinates: 
 -24.0 0.0 93.0
 26.823887827096883 0.0 0.0
 92.17634751843514 0.0 0.0

Rotate (Y) Molecule Two Constants Matrix: 
 0.9601702866503661 0.0 0.27941549819892586
 0.0 1.0 0.0
 -0.27941549819892586 0.0 0.9601702866503661

Rotate (Y) Molecule Two Matrix Coordinates: 
 -24.0 0.0 93.0
 26.823887827096883 0.0 0.0
 92.17634751843514 0.0 0.0

Calculated Rotated (Y) Molecule Two Matrix Coordinates:
 2.7114131844120912 0.0 89.29583665848405
 26.823887827096883 0.0 0.0
 95.21096197593384 0.0 -25.985641332500105

Rotate (Z) Molecule Two Constants Matrix: 
 0.9601702866503661 -0.27941549819892586 0.0
 0.27941549819892586 0.9601702866503661 0.0
 0.0 0.0 1.0

Rotate (Z) Molecule Two Matrix Coordinates: 
 2.7114131844120912 0.0 89.29583665848405
 26.823887827096883 0.0 0.0
 95.21096197593384 0.0 -25.985641332500105


Final Calculated Rotated (Z) Molecule Two Matrix Coordinates: 
 -4.8915916063358384 0.0 85.73920908106089
 26.51311092976652 0.0 24.95064068702023
 95.21096197593384 0.0 -25.985641332500105


Random Translation Constant MOLECULE ONE (1): 213.0

Random Translation Constant MOLECULE TWO (2): 236.0


Final Molecule One Coordinates: 
208.10840839366415	213.0	298.7392090810609	
239.51311092976653	213.0	237.95064068702024	
308.21096197593386	213.0	187.0143586674999	


Final Molecule Two Coordinates: 
231.10840839366415	236.0	321.7392090810609	
262.5131109297665	236.0	260.9506406870202	
331.21096197593386	236.0	210.0143586674999	



Sigma Point Charge Calculation: -0.0015096787328648872
