Sun Mar 17 22:05:26 PDT 2013
Generated : 5.0
Random Angle: 5.0
Rotate (X) Molecule One Constants Matrix: 
 1.0 0.0 0.0
 0.0 0.28366218546322625 0.9589242746631385
 0.0 -0.9589242746631385 0.28366218546322625
Rotate (X) Molecule One Matrix Coordinates: 
 -24.0 0.0 93.0
 0.0 0.0 0.0
 96.0 0.0 0.0
Calculated Rotated (X) Molecule One Matrix Coordinates: 
 -24.0 0.0 93.0
 92.05673036766129 0.0 0.0
 27.23156980446972 0.0 0.0
Rotate (Y) Molecule One Constants Matrix: 
 0.28366218546322625 0.0 0.9589242746631385
 0.0 1.0 0.0
 -0.9589242746631385 0.0 0.28366218546322625
Rotate (Y) Molecule One Matrix Coordinates: 
 -24.0 0.0 93.0
 92.05673036766129 0.0 0.0
 27.23156980446972 0.0 0.0
Calculated Rotated (Y) Molecule One Matrix Coordinates: 
 19.30512087157232 0.0 26.38058324808004
 92.05673036766129 0.0 0.0
 30.738749196245603 0.0 -89.17995754367188
Rotate (Z) Molecule One Constants Matrix: 
 0.28366218546322625 -0.9589242746631385 0.0
 0.9589242746631385 0.28366218546322625 0.0
 0.0 0.0 1.0
Rotate (Z) Molecule One Matrix Coordinates: 
 19.30512087157232 0.0 26.38058324808004
 92.05673036766129 0.0 0.0
 30.738749196245603 0.0 -89.17995754367188
Final Calculated Rotated (Z) Molecule One Matrix Coordinates: 
 -82.79930061860776 0.0 7.48317389794496
 44.625162351746454 0.0 25.296981656355694
 30.738749196245603 0.0 -89.17995754367188
Rotate (X) Molecule Two Constants Matrix: 
 1.0 0.0 0.0
 0.0 0.28366218546322625 0.9589242746631385
 0.0 -0.9589242746631385 0.28366218546322625
Rotate (X) Molecule Two Matrix Coordinates: 
 -24.0 0.0 93.0
 0.0 0.0 0.0
 96.0 0.0 0.0
Calculated Rotated (X) Molecule Two Matrix Coordinates: 
 -24.0 0.0 93.0
 92.05673036766129 0.0 0.0
 27.23156980446972 0.0 0.0
Rotate (Y) Molecule Two Constants Matrix: 
 0.28366218546322625 0.0 0.9589242746631385
 0.0 1.0 0.0
 -0.9589242746631385 0.0 0.28366218546322625
Rotate (Y) Molecule Two Matrix Coordinates: 
 -24.0 0.0 93.0
 92.05673036766129 0.0 0.0
 27.23156980446972 0.0 0.0
Calculated Rotated (Y) Molecule Two Matrix Coordinates:
 19.30512087157232 0.0 26.38058324808004
 92.05673036766129 0.0 0.0
 30.738749196245603 0.0 -89.17995754367188
Rotate (Z) Molecule Two Constants Matrix: 
 0.28366218546322625 -0.9589242746631385 0.0
 0.9589242746631385 0.28366218546322625 0.0
 0.0 0.0 1.0
Rotate (Z) Molecule Two Matrix Coordinates: 
 19.30512087157232 0.0 26.38058324808004
 92.05673036766129 0.0 0.0
 30.738749196245603 0.0 -89.17995754367188
Final Calculated Rotated (Z) Molecule Two Matrix Coordinates: 
 -82.79930061860776 0.0 7.48317389794496
 44.625162351746454 0.0 25.296981656355694
 30.738749196245603 0.0 -89.17995754367188
Generated : 336.0
Random Translation Constant: 336.0
The number of rows and columns of matrix: 3
Sum of entered matrices:
253.20069938139224	336.0	343.48317389794494	
380.62516235174644	336.0	361.2969816563557	
366.7387491962456	336.0	246.8200424563281	
The number of rows and columns of matrix: 3
Sum of entered matrices:-
336.0	336.0	336.0	
336.0	336.0	336.0	
336.0	336.0	336.0	
Sigma Point Charge Calculation: 8.712878668515337
