Tue Mar 19 16:13:05 PDT 2013


Random Angle Molecule One: 2.934269277525267


Random Angle Molecule Two: 2.6555073244214054

Rotate (X) Molecule One Constants Matrix: 
 1.0 0.0 0.0
 0.0 -0.9785853793563958 -0.2058413352801107
 0.0 0.2058413352801107 -0.9785853793563958

Rotate (X) Molecule One Matrix Coordinates: 
 -9.753666997463952E-12 0.0 9.753666997463952E-12
 0.0 0.0 0.0
 9.6E-11 0.0 0.0

Calculated Rotated (X) Molecule One Matrix Coordinates: 
 -9.753666997463952E-12 0.0 9.753666997463952E-12
 -1.9760768186890627E-11 0.0 0.0
 -9.394419641821399E-11 0.0 0.0

Rotate (Y) Molecule One Constants Matrix: 
 -0.9785853793563958 0.0 -0.2058413352801107
 0.0 1.0 0.0
 0.2058413352801107 0.0 -0.9785853793563958

Rotate (Y) Molecule One Matrix Coordinates: 
 -9.753666997463952E-12 0.0 9.753666997463952E-12
 -1.9760768186890627E-11 0.0 0.0
 -9.394419641821399E-11 0.0 0.0

Calculated Rotated (Y) Molecule One Matrix Coordinates: 
 2.8882394751371384E-11 0.0 -9.54479591882922E-12
 -1.9760768186890627E-11 0.0 0.0
 8.992470925161417E-11 0.0 2.007707838635528E-12

Rotate (Z) Molecule One Constants Matrix: 
 -0.9785853793563958 0.2058413352801107 0.0
 -0.2058413352801107 -0.9785853793563958 0.0
 0.0 0.0 1.0

Rotate (Z) Molecule One Matrix Coordinates: 
 2.8882394751371384E-11 0.0 -9.54479591882922E-12
 -1.9760768186890627E-11 0.0 0.0
 8.992470925161417E-11 0.0 2.007707838635528E-12


Final Calculated Rotated (Z) Molecule One Matrix Coordinates: 
 -3.233147213424224E-11 0.0 9.34039773510687E-12
 1.3392408130832615E-11 0.0 1.9647135369079576E-12
 8.992470925161417E-11 0.0 2.007707838635528E-12

Rotate (X) Molecule Two Constants Matrix: 
 1.0 0.0 0.0
 0.0 -0.8841684386301201 -0.4671682482044084
 0.0 0.4671682482044084 -0.8841684386301201

Rotate (X) Molecule Two Matrix Coordinates: 
 -9.753666997463952E-12 0.0 9.753666997463952E-12
 0.0 0.0 0.0
 9.6E-11 0.0 0.0

Calculated Rotated (X) Molecule Two Matrix Coordinates: 
 -9.753666997463952E-12 0.0 9.753666997463952E-12
 -4.484815182762321E-11 0.0 0.0
 -8.488017010849153E-11 0.0 0.0

Rotate (Y) Molecule Two Constants Matrix: 
 -0.8841684386301201 0.0 -0.4671682482044084
 0.0 1.0 0.0
 0.4671682482044084 0.0 -0.8841684386301201

Rotate (Y) Molecule Two Matrix Coordinates: 
 -9.753666997463952E-12 0.0 9.753666997463952E-12
 -4.484815182762321E-11 0.0 0.0
 -8.488017010849153E-11 0.0 0.0

Calculated Rotated (Y) Molecule Two Matrix Coordinates:
 4.827720489694201E-11 0.0 -8.623884520065835E-12
 -4.484815182762321E-11 0.0 0.0
 7.049176395070955E-11 0.0 4.556603524774386E-12

Rotate (Z) Molecule Two Constants Matrix: 
 -0.8841684386301201 0.4671682482044084 0.0
 -0.4671682482044084 -0.8841684386301201 0.0
 0.0 0.0 1.0

Rotate (Z) Molecule Two Matrix Coordinates: 
 4.827720489694201E-11 0.0 -8.623884520065835E-12
 -4.484815182762321E-11 0.0 0.0
 7.049176395070955E-11 0.0 4.556603524774386E-12


Final Calculated Rotated (Z) Molecule Two Matrix Coordinates: 
 -6.363681339967168E-11 0.0 7.624966511033072E-12
 1.7099743136966493E-11 0.0 4.028805023956271E-12
 7.049176395070955E-11 0.0 4.556603524774386E-12


Random Translation Constant MOLECULE ONE (1): 1.7599999999999999E-10

Random Translation Constant MOLECULE TWO (2): 1.14E-10


Final Molecule One Coordinates: 
1.4366852786575775E-10	1.7599999999999999E-10	1.8534039773510685E-10	
1.893924081308326E-10	1.7599999999999999E-10	1.7796471353690794E-10	
2.6592470925161417E-10	1.7599999999999999E-10	1.780077078386355E-10	


Final Molecule Two Coordinates: 
5.036318660032832E-11	1.14E-10	1.2162496651103306E-10	
1.3109974313696648E-10	1.14E-10	1.1802880502395627E-10	
1.8449176395070956E-10	1.14E-10	1.1855660352477438E-10	



Sigma Point Charge Calculation: -1.3802909856124665E-12 Joules
