Tue Mar 19 10:27:14 PDT 2013


Random Angle Molecule One: 6.144921815785571


Random Angle Molecule Two: 2.2439888856994754

Rotate (X) Molecule One Constants Matrix: 
 1.0 0.0 0.0
 0.0 0.9904568209312917 0.1378233865157838
 0.0 -0.1378233865157838 0.9904568209312917

Rotate (X) Molecule One Matrix Coordinates: 
 -24.0 0.0 93.0
 0.0 0.0 0.0
 96.0 0.0 0.0

Calculated Rotated (X) Molecule One Matrix Coordinates: 
 -24.0 0.0 93.0
 13.231045105515244 0.0 0.0
 95.083854809404 0.0 0.0

Rotate (Y) Molecule One Constants Matrix: 
 0.9904568209312917 0.0 0.1378233865157838
 0.0 1.0 0.0
 -0.1378233865157838 0.0 0.9904568209312917

Rotate (Y) Molecule One Matrix Coordinates: 
 -24.0 0.0 93.0
 13.231045105515244 0.0 0.0
 95.083854809404 0.0 0.0

Calculated Rotated (Y) Molecule One Matrix Coordinates: 
 -10.666184829543845 0.0 92.11248434661013
 13.231045105515244 0.0 0.0
 97.48421383279361 0.0 -12.817574945967893

Rotate (Z) Molecule One Constants Matrix: 
 0.9904568209312917 -0.1378233865157838 0.0
 0.1378233865157838 0.9904568209312917 0.0
 0.0 0.0 1.0

Rotate (Z) Molecule One Matrix Coordinates: 
 -10.666184829543845 0.0 92.11248434661013
 13.231045105515244 0.0 0.0
 97.48421383279361 0.0 -12.817574945967893


Final Calculated Rotated (Z) Molecule One Matrix Coordinates: 
 -12.387942961320764 0.0 91.23343841402685
 11.634729158396144 0.0 12.695254533031934
 97.48421383279361 0.0 -12.817574945967893

Rotate (X) Molecule Two Constants Matrix: 
 1.0 0.0 0.0
 0.0 -0.6234852149485066 -0.7818351403848605
 0.0 0.7818351403848605 -0.6234852149485066

Rotate (X) Molecule Two Matrix Coordinates: 
 -24.0 0.0 93.0
 0.0 0.0 0.0
 96.0 0.0 0.0

Calculated Rotated (X) Molecule Two Matrix Coordinates: 
 -24.0 0.0 93.0
 -75.05617347694661 0.0 0.0
 -59.854580635056635 0.0 0.0

Rotate (Y) Molecule Two Constants Matrix: 
 -0.6234852149485066 0.0 -0.7818351403848605
 0.0 1.0 0.0
 0.7818351403848605 0.0 -0.6234852149485066

Rotate (Y) Molecule Two Matrix Coordinates: 
 -24.0 0.0 93.0
 -75.05617347694661 0.0 0.0
 -59.854580635056635 0.0 0.0

Calculated Rotated (Y) Molecule Two Matrix Coordinates:
 61.760059612250615 0.0 -57.984124990211114
 -75.05617347694661 0.0 0.0
 18.55440270366436 0.0 72.71066805579203

Rotate (Z) Molecule Two Constants Matrix: 
 -0.6234852149485066 0.7818351403848605 0.0
 -0.7818351403848605 -0.6234852149485066 0.0
 0.0 0.0 1.0

Rotate (Z) Molecule Two Matrix Coordinates: 
 61.760059612250615 0.0 -57.984124990211114
 -75.05617347694661 0.0 0.0
 18.55440270366436 0.0 72.71066805579203


Final Calculated Rotated (Z) Molecule Two Matrix Coordinates: 
 -97.18803796967566 0.0 36.15224463312285
 -1.4897704236348517 0.0 45.334026501815
 18.55440270366436 0.0 72.71066805579203


Random Translation Constant MOLECULE ONE (1): 24.0

Random Translation Constant MOLECULE TWO (2): 6.0


Final Molecule One Coordinates: 
11.612057038679236	24.0	115.23343841402685	
35.63472915839614	24.0	36.695254533031935	
121.48421383279361	24.0	11.182425054032107	


Final Molecule Two Coordinates: 
-91.18803796967566	6.0	42.15224463312285	
4.510229576365148	6.0	51.334026501815	
24.55440270366436	6.0	78.71066805579203	



Sigma Point Charge Calculation: 0.04549082765285617
