The randomly generated molecules: 

leftHydrogenOneCoord: [3.719267147123588, 2.059857973680078]
rightHydrogenOneCoord: [1.7889217214503716, 1.8624369032965538]
oxygenOneCoord: [2.656092838369621, 0.278510640481231]
oxygenTwoCoord: [1.5907672409145515, 2.666545465729033]
leftHydrogenTwoCoord: [1.9125855303167456, 0.19193696293467122]
rightHydrogenTwoCoord: [3.027099719906508, 3.53488445799588]
