The randomly generated molecules: 

leftHydrogenOneCoord: [1.9132943434768044, 3.575580257383912]
rightHydrogenOneCoord: [3.564751579119552, 1.6410576656902922]
oxygenOneCoord: [3.828013026236714, 2.8502748670825975]
oxygenTwoCoord: [3.9357378146509174, 2.5645934728639768]
leftHydrogenTwoCoord: [2.805759076231461, 3.4093601810151646]
rightHydrogenTwoCoord: [1.6752120479526171, 1.6206764454572795]
