The randomly generated molecules: 

leftHydrogenOneCoord: [1.5008282597359552, 0.7108840020630103]
rightHydrogenOneCoord: [1.813966415562526, 1.565739385245016]
oxygenOneCoord: [3.791984315541755, 3.4715708209468836]
oxygenTwoCoord: [2.67616907097237, 1.7590244086848084]
leftHydrogenTwoCoord: [1.8092784613269828, 2.8416501458161876]
rightHydrogenTwoCoord: [3.8498415406390616, 0.8672239072255445]
