The randomly generated molecules: 

leftHydrogenOneCoord: [2.5546449885109777, 0.8289779270970179]
rightHydrogenOneCoord: [3.7761582566301444, 2.810970592359803]
oxygenOneCoord: [0.1968911874794319, 0.3220787337305455]
oxygenTwoCoord: [2.19912011868277, 0.5935660656207982]
leftHydrogenTwoCoord: [1.2585898727488325, 2.0946057480739344]
rightHydrogenTwoCoord: [3.0986957931901147, 3.798782032719711]
