Generated : 1.0
Random Angle: 1.0
XMatrix 1 : 
 1.0 0.0 0.0
 0.0 0.5403023058681398 -0.8414709848078965
 0.0 0.8414709848078965 0.5403023058681398
XMatrix 2 : 
 -24.0 0.0 93.0
 0.0 0.0 0.0
 96.0 0.0 0.0
XMultiply of both matrix : 
 -24.0 0.0 93.0
 -80.78121454155806 0.0 0.0
 51.86902136334142 0.0 0.0
YMatrix 1 : 
 0.5403023058681398 0.0 -0.8414709848078965
 0.0 1.0 0.0
 0.8414709848078965 0.0 0.5403023058681398
YMatrix 2 : 
 -24.0 0.0 93.0
 -80.78121454155806 0.0 0.0
 51.86902136334142 0.0 0.0
YMultiply of both matrix : 
 -56.61353182846808 0.0 50.248114445736995
 -80.78121454155806 0.0 0.0
 7.829648210347656 0.0 78.25680158713438
ZMatrix 1 : 
 0.5403023058681398 0.8414709848078965 0.0
 -0.8414709848078965 0.5403023058681398 0.0
 0.0 0.0 1.0
ZMatrix 2 : 
 -56.61353182846808 0.0 50.248114445736995
 -80.78121454155806 0.0 0.0
 7.829648210347656 0.0 78.25680158713438
ZMultiply of both matrix : 
 -98.56346994452345 0.0 27.149172100557884
 3.992367893521511 0.0 -42.2823303473942
 7.829648210347656 0.0 78.25680158713438
XMatrix 1 : 
 1.0 0.0 0.0
 0.0 0.5403023058681398 -0.8414709848078965
 0.0 0.8414709848078965 0.5403023058681398
XMatrix 2 : 
 -24.0 0.0 93.0
 0.0 0.0 0.0
 96.0 0.0 0.0
XMultiply of both matrix : 
 -24.0 0.0 93.0
 -80.78121454155806 0.0 0.0
 51.86902136334142 0.0 0.0
YMatrix 1 : 
 0.5403023058681398 0.0 -0.8414709848078965
 0.0 1.0 0.0
 0.8414709848078965 0.0 0.5403023058681398
YMatrix 2 : 
 -24.0 0.0 93.0
 -80.78121454155806 0.0 0.0
 51.86902136334142 0.0 0.0
YMultiply of both matrix : 
 -56.61353182846808 0.0 50.248114445736995
 -80.78121454155806 0.0 0.0
 7.829648210347656 0.0 78.25680158713438
ZMatrix 1 : 
 0.5403023058681398 0.8414709848078965 0.0
 -0.8414709848078965 0.5403023058681398 0.0
 0.0 0.0 1.0
ZMatrix 2 : 
 -56.61353182846808 0.0 50.248114445736995
 -80.78121454155806 0.0 0.0
 7.829648210347656 0.0 78.25680158713438
ZMultiply of both matrix : 
 -98.56346994452345 0.0 27.149172100557884
 3.992367893521511 0.0 -42.2823303473942
 7.829648210347656 0.0 78.25680158713438
Generated : 46.0
Random Translation Constant: 46.0
The number of rows and columns of matrix: 3
Sum of entered matrices:-
-52.56346994452345	46.0	73.14917210055788	
49.99236789352151	46.0	3.7176696526057995	
53.829648210347656	46.0	124.25680158713438	
The number of rows and columns of matrix: 3
Sum of entered matrices:-
46.0	46.0	46.0	
46.0	46.0	46.0	
46.0	46.0	46.0	
Sigma Point Charge Calculation: 9.024520886041223
